-71 4 33 54 -41 -87 -52 -11 -53 -86 72 21 -52 -85 -65 -58 -73 22 73 8 -72 -26 31 -64 23 44 4 -60 -9 -40 -82 -3 -56 58 29 -100 -41 73 15 63 -42 81 37 -77 -31 50 85 68 20 27 80 91 -73 23 15 29 -67 -93 -40 -17 -9 -60 -84 -17 -34 -85 58 9 -49 49 37 41 -13 23 60 -93 90 -55 1 76 -55 -20 85 -74 61 -87 -88 23 98 11 78 -65 10 83 -90 46 74 24 36 -11 
45 -30 -69 22 21 99 -70 -1 -52 54 -35 5 -73 51 97 -90 -87 34 28 89 -4 -88 -73 -34 -8 -49 1 69 -52 -98 -74 -48 -98 56 -44 -46 -78 -13 -50 -84 25 46 100 -30 -50 -18 94 58 -34 14 93 56 28 -17 -11 -56 12 -25 -78 47 -85 50 -2 -54 -27 91 -64 85 -44 -51 65 -1 55 40 3 -9 -19 71 -81 -28 -15 70 87 69 -83 99 -80 -74 58 43 47 -90 -93 -20 -86 -8 61 -44 63 -25 
38 -35 53 40 58 4 -97 81 42 79 55 -26 -69 -39 10 97 -37 93 -60 -13 60 5 -30 34 -44 -89 52 81 -64 -35 -63 83 -37 8 13 -93 -62 -31 18 37 35 35 48 -7 8 45 59 -53 -14 25 -11 20 -30 81 42 29 -79 -12 -88 -85 -46 -4 91 75 15 67 -98 -42 81 33 -75 -61 -6 51 30 22 -75 31 -22 -7 -27 76 -43 45 85 51 -30 -87 24 24 -70 21 -48 14 75 -9 -6 87 -19 -24 
97 -19 -10 -34 25 43 -93 1 -58 96 -18 -35 3 -35 26 9 63 -93 -63 38 43 93 -38 10 48 -49 -67 -87 41 75 17 -94 62 65 43 -21 26 11 70 88 67 3 62 78 -3 85 12 61 26 88 -88 76 34 -95 -27 -8 38 -78 99 -5 -94 -87 -3 22 -48 66 -76 35 78 -38 -39 -9 15 -87 5 85 82 21 36 -22 42 -31 12 57 11 69 24 -66 21 -86 94 -61 -42 21 76 -83 -56 13 -78 92 
54 -51 -51 -48 -96 -94 -12 -55 45 84 43 -70 -88 56 36 -55 -73 -40 -58 -55 -45 85 -10 -27 -48 -84 28 30 45 20 -17 70 -9 98 -94 -57 -29 -53 -81 47 -91 -77 32 -15 65 22 -75 47 -49 -54 -81 51 2 7 -18 68 -30 27 84 43 -18 -1 -83 18 42 -91 35 99 -82 -31 31 -18 9 -23 95 -8 -85 -55 52 -5 -76 -23 6 45 -13 68 -40 23 -64 19 78 -5 -18 73 27 63 39 79 -87 56 
-42 -61 -42 -17 -79 -7 -73 27 23 -19 -25 77 -41 -4 85 -48 59 -57 33 50 -31 -80 -19 8 -43 12 53 80 -98 -80 37 -33 52 -17 -46 -90 95 -35 30 21 86 -93 78 -67 -60 -1 -97 12 20 -44 69 -47 -4 14 -73 -33 33 10 90 -23 -64 -7 89 57 -22 10 70 47 -89 15 85 -62 79 12 45 27 55 64 -41 -7 79 -20 -50 -46 24 -49 -93 13 -88 -15 -39 -30 -22 -27 -30 -11 -24 96 5 56 
-87 -67 -68 3 -71 97 -29 90 -100 -66 25 81 53 -89 -92 -63 21 -18 -96 -45 -70 -38 -25 60 -26 -65 -57 -31 -7 49 79 52 52 -77 25 -21 -39 -4 -14 -63 -37 48 19 17 -28 -26 32 -93 72 -45 38 73 -10 -25 89 -17 -47 -45 38 45 -93 -45 -58 98 -26 29 77 43 59 51 71 -4 -66 81 42 27 -68 -57 -59 -68 90 79 79 -92 -72 34 93 63 17 -38 14 97 80 96 74 -87 -39 -85 -65 3 
59 41 -60 -32 97 63 -25 58 -86 -69 -19 -19 83 -54 -19 -27 -76 97 65 -77 31 -96 -19 -11 76 41 -91 33 0 21 -33 85 10 85 31 26 -88 -34 -18 61 80 -49 -66 50 -14 0 70 5 49 91 92 32 12 51 -16 -13 22 -83 39 -52 -21 10 -46 -99 -19 -43 -60 29 -38 -29 -17 -98 -1 -64 98 -27 -1 -88 -2 -15 -62 42 23 29 76 -16 16 67 80 -1 -41 25 -66 65 49 -93 92 -43 74 -32 
-81 -62 90 -72 -85 10 88 72 8 -48 -49 -10 30 -3 49 6 28 14 -7 95 -46 -35 32 1 66 -78 -79 -88 -96 54 27 23 -39 -94 -14 0 15 11 -46 -96 -87 64 -41 -85 85 -18 47 93 64 -88 -68 7 92 -39 99 32 3 4 77 61 92 96 26 32 13 84 30 -83 5 -93 62 -62 -78 -34 -73 69 31 -91 74 33 -86 -15 -89 57 77 -14 56 -39 -80 31 -73 69 56 -48 -55 -66 13 -60 94 5 
-23 -62 64 34 71 -18 -96 11 -7 84 52 9 -62 61 -46 -81 -1 -5 -74 27 -38 66 46 2 -48 38 10 2 0 53 98 60 17 0 65 88 -84 92 34 40 21 -7 38 81 53 -4 -78 -72 -97 -21 46 -26 55 -64 -2 -29 32 20 62 55 43 15 11 49 26 95 -88 -49 -75 -82 -76 0 34 48 66 95 5 -49 -38 -7 17 -61 30 46 -2 -1 94 54 8 62 -35 29 -26 38 64 27 -97 38 -90 -87 
84 -11 -65 12 -92 25 68 80 -58 -11 -74 -28 61 61 8 92 -83 45 98 -59 -42 57 -40 -1 6 23 -29 4 12 72 -64 23 -39 -38 21 47 -51 -29 14 -84 4 -53 -77 5 37 -50 -88 -85 -49 53 -62 67 -48 -59 -40 60 -60 -24 43 49 -12 82 -68 94 97 -29 15 20 52 -68 -12 90 56 72 0 -42 -94 13 37 -9 13 70 59 31 -64 -60 8 -26 82 93 -100 -88 -12 -12 47 89 -28 94 -48 75 
-9 -45 -71 -8 -56 -48 -48 -75 60 -32 87 18 -45 5 -51 -2 59 -93 5 17 -95 16 49 17 2 29 -3 -5 9 41 56 -59 65 63 83 62 3 -93 -63 -93 -9 -34 -16 46 97 93 -90 -38 1 -80 -13 95 52 -61 -79 -36 -54 48 -17 -39 -36 17 37 -40 -46 20 33 -81 -22 52 42 -26 -52 44 -87 -28 35 87 -94 45 6 -20 21 72 -63 -62 -78 -5 17 52 -63 84 44 -37 71 -42 65 28 -40 -27 
59 -29 45 29 -53 1 43 31 21 -68 -34 43 -61 -28 63 62 34 68 67 -31 57 -57 93 3 -10 64 -4 96 13 38 -15 66 -3 -70 -99 -28 81 83 43 34 -8 61 -36 -90 79 65 42 -23 21 38 -58 -69 -76 -68 -99 14 83 -42 -94 -79 -43 10 78 0 -27 78 23 98 30 -54 -59 64 63 -70 96 -32 99 0 19 69 57 -75 -24 -97 -43 69 53 -37 -17 -30 -80 -64 -58 -95 6 24 -96 -31 40 -80 
14 42 -85 -92 5 75 98 -61 -37 65 73 67 95 24 44 58 -37 -66 30 98 -5 2 28 -41 99 19 -78 94 -83 97 68 -35 5 -1 -80 56 45 -44 -6 -88 47 28 -28 61 65 91 40 32 -25 70 18 56 25 -45 0 14 -91 64 43 -20 34 -94 96 22 91 74 -82 -28 -72 -90 -96 44 30 -63 -27 75 -65 -71 49 -41 -26 -16 -54 69 1 -52 11 -76 50 7 88 95 44 14 40 -66 -24 -43 70 -7 
79 -43 28 23 93 24 -34 -51 -100 13 26 -33 -80 40 -77 -27 60 14 -56 -3 59 -27 -87 -61 78 -40 -49 57 -63 41 -99 58 88 -18 87 36 55 -24 11 3 -58 75 18 -3 4 5 -60 -32 -92 -40 -93 -31 -100 71 -14 45 40 100 -51 -55 19 43 -48 83 -66 -87 -5 26 -87 -83 -82 -56 19 -31 60 54 35 27 20 -26 -23 -52 42 81 5 -60 30 73 66 37 -22 -86 -7 -66 71 -99 99 28 89 2 
-66 -32 -52 -18 14 -36 -97 -16 12 -95 -45 -44 -94 -42 59 -76 -19 81 -55 2 -41 -3 0 42 -36 -84 -95 61 40 30 97 11 -91 -23 97 -79 -74 -37 -36 -36 83 69 13 -93 64 89 -96 -22 -93 -43 -33 -19 95 53 56 -4 -69 46 -59 -62 -75 -94 -88 77 47 -86 44 -43 4 -92 -92 3 -49 -96 10 -92 -42 -75 94 54 92 -67 -6 -35 -89 88 19 55 -29 -75 -76 99 80 -65 38 -34 55 -37 97 -62 
-77 -68 5 90 20 47 -82 -17 -32 7 70 -64 19 86 -16 31 -39 -53 84 -18 -88 89 74 -13 47 -53 -21 3 80 6 16 -82 23 -2 60 49 30 -60 -9 42 -100 -88 69 -8 77 74 15 99 55 87 -36 65 41 -17 46 -96 91 30 -32 -64 15 17 -60 -74 17 -71 -24 -67 -25 -53 -50 -80 47 -74 -13 -7 37 71 62 -97 -89 90 40 46 -37 -74 -36 4 -59 34 -38 90 -29 12 16 27 -11 91 -75 -87 
15 -12 -48 50 61 15 79 94 85 85 -13 -4 -25 15 22 58 -61 -36 80 5 -93 96 69 66 41 71 30 57 -100 -65 91 85 -9 54 -93 59 -29 14 78 -14 -94 -85 -4 58 80 85 41 -64 -7 60 75 97 -7 -44 21 -18 52 -66 46 67 -84 -42 -39 64 50 44 -53 68 82 78 67 -48 -1 41 26 86 83 95 45 -80 -28 -54 -68 -68 76 -50 63 85 71 -13 44 17 54 -74 23 -60 50 -4 -92 -85 
-5 -91 -78 -35 -67 61 40 -3 13 19 100 -72 -40 77 68 64 -40 -53 -5 5 -90 10 -30 -33 -17 -57 38 -82 -48 100 -41 43 -58 53 27 -52 -8 -98 -22 -81 -96 36 -54 -59 26 35 94 -94 76 68 -80 -59 -80 34 -63 90 89 -95 -40 19 98 84 23 78 99 -98 -53 -35 64 56 -2 74 20 27 21 87 32 -74 -83 21 90 60 -1 34 -84 -87 -41 62 -14 -31 94 -29 -52 -10 21 56 -50 -76 -93 68 
-91 55 75 71 -56 -13 53 -40 -96 -48 -35 -47 93 -7 -40 -23 -94 26 66 34 23 50 -75 22 -23 69 -13 22 -58 11 39 96 -59 -12 -18 32 -37 -32 -63 75 -23 -22 25 70 57 12 27 95 61 25 -42 -92 9 -95 2 52 100 96 33 34 51 77 26 92 -76 -82 -13 -93 52 42 -49 -5 49 -89 33 -31 -93 -72 -44 66 -61 58 -15 -76 19 -79 -93 6 -55 41 -39 97 -73 -11 0 74 26 35 -69 60 
0 -17 -58 60 54 -28 -68 39 -48 33 34 26 -46 33 82 20 87 -82 78 38 80 -83 42 32 -41 86 100 -32 2 -20 -44 23 -84 79 100 29 31 95 -16 -12 -75 -81 26 -56 56 91 -42 -15 -53 -13 48 -29 -66 -40 -58 -36 -48 -53 71 92 22 -29 -8 -81 80 59 -67 39 -96 11 12 -69 55 -74 -39 31 86 -7 81 -16 28 38 42 65 -1 -21 -41 -99 -83 -71 -99 -37 49 -43 82 -41 47 60 -21 -33 
92 47 -87 43 26 66 57 13 -25 57 26 56 -20 -73 -99 -59 53 -33 73 23 25 13 -40 -57 -56 3 57 -63 -24 96 -3 96 10 -65 52 36 -31 74 -83 -96 -66 -46 -87 -91 -71 -6 -24 99 -24 8 -76 59 -50 15 -57 -85 -81 -56 83 -30 -31 -14 39 -94 -58 56 65 30 59 -96 45 70 19 -9 77 70 -94 -37 64 -70 -94 51 -19 38 -42 33 -49 38 45 -33 15 -17 -77 -28 -98 -53 -49 27 -60 41 
-50 15 -81 -40 -5 -89 16 -31 29 76 -64 -41 61 59 -43 -1 -74 66 23 -67 -50 -65 -8 -83 68 37 13 -71 54 47 -52 -29 -41 38 47 -93 -76 60 -67 -93 -75 76 38 79 -7 -77 26 -84 71 -70 83 -48 -65 -83 -59 75 25 8 72 24 -15 -90 52 52 -78 51 64 75 -26 83 37 94 -82 -47 6 23 -97 -83 -98 -82 -39 -74 -81 66 -12 33 96 -42 100 88 24 -76 41 -69 -19 -36 -6 33 42 49 
83 -43 -100 95 58 -82 -68 -74 -39 2 34 75 -85 -99 -95 -2 35 -70 6 -77 -5 66 92 -77 -47 14 38 -41 -47 -92 -34 43 -57 30 -43 68 -9 -39 -60 76 -69 -42 2 -43 -96 -31 52 -69 -89 63 -71 63 -30 -41 -9 -53 -37 -12 -26 71 -30 -89 -37 -43 90 -33 -45 90 -50 -3 19 -96 -38 -12 30 40 -64 78 -81 -25 -53 23 52 -82 -10 -42 87 -17 54 -64 24 5 1 10 -12 46 48 -60 -34 67 
-76 13 71 77 35 64 21 22 -68 -46 96 -48 10 -26 -78 34 89 31 40 -47 -50 85 -82 38 -80 55 31 -18 0 -43 82 82 45 99 -79 41 -35 65 53 -11 87 20 57 -38 -3 88 -16 -35 -90 65 -89 58 26 100 3 48 54 -29 -41 57 -7 31 98 -45 -36 81 8 -15 7 -100 -72 -35 -50 -8 45 48 72 16 60 50 57 -87 19 8 97 -1 -91 -77 -77 -71 -62 44 -2 -96 23 -29 -38 -99 24 12 
74 74 3 -82 -34 100 -99 -95 -8 1 -14 75 -77 -48 41 -43 -64 -50 41 -72 -95 17 74 -73 -97 33 -40 90 -94 43 -29 -97 66 48 79 9 -36 -32 60 58 -4 -60 27 -92 -6 -15 33 -5 86 -55 -35 -16 -94 74 52 -55 -19 -49 -2 38 47 57 -97 -35 90 12 -63 -74 -61 91 43 -97 8 86 -23 36 67 -82 -46 -43 53 90 -63 85 -46 -30 21 93 -11 -82 -42 13 70 -28 -66 -68 54 -48 24 13 
-61 -71 90 36 -3 99 -30 -94 -69 73 77 -66 68 30 -25 -27 -53 -58 -58 18 -62 -11 -52 -82 86 50 -24 58 -5 -60 80 -14 -11 -12 -11 67 -40 -2 61 -22 -86 64 -5 -80 -90 -93 88 84 67 -22 -86 0 12 8 90 56 -14 36 38 49 91 -60 10 -84 80 -100 -66 -39 82 16 40 87 -74 57 23 -8 -44 -58 70 -49 -15 -63 -10 72 49 16 52 -89 2 -4 22 19 72 27 -1 -43 35 -70 8 -90 
58 32 62 26 -31 70 -64 80 -6 -15 -70 -74 10 99 -40 54 61 -55 10 -8 35 3 47 34 -80 -60 -19 -34 -22 -38 76 -17 59 -19 53 54 38 35 -41 97 16 87 37 -83 -1 69 99 15 99 62 -73 14 5 75 -56 73 -87 -45 -28 -1 -79 -48 -18 69 -71 -87 92 75 91 43 -67 68 87 -47 -96 -56 -45 -75 -5 -30 -46 56 13 83 23 72 -90 -96 1 -86 -23 -41 -27 -12 89 -79 -51 -2 46 96 
69 -39 -81 74 -91 33 -98 1 -95 -55 -22 77 63 76 -83 8 35 -15 26 13 -76 -36 61 53 8 91 -86 95 28 -3 -27 -96 -8 -31 53 -35 49 -7 98 -44 -18 46 1 -17 -76 72 -59 -20 -92 53 0 -31 97 29 -19 31 59 -16 26 83 -98 39 66 38 -24 69 31 -90 15 -56 40 -91 7 -29 -54 -11 92 21 5 -46 -16 43 25 0 89 -51 -61 -83 -37 49 -60 -90 46 -55 -80 7 51 -19 -9 45 
-68 18 -13 -32 -16 92 -49 41 23 61 -97 -13 -38 24 44 3 2 93 -32 -74 11 4 61 46 27 49 -24 63 -99 -68 -95 -97 -99 35 33 44 53 18 24 25 90 -62 94 -94 5 16 37 -54 -91 99 27 -74 99 37 55 98 -38 -14 72 -76 11 -78 -93 -70 48 -9 -2 -95 56 98 -76 -95 70 -31 54 71 -17 71 11 -4 -72 -40 -49 -4 -50 -18 -56 81 3 -67 -32 -58 -70 49 63 -46 99 -44 12 79 
-25 47 -67 -6 -31 -36 -17 79 -96 3 -60 25 33 -66 -25 -97 -54 56 -6 -65 56 89 84 28 43 -42 39 -15 -9 -13 -59 71 41 -74 59 65 -13 -33 -4 -4 42 83 32 87 -36 89 -67 -97 -15 43 40 66 -25 79 -61 -36 95 83 63 46 -41 10 35 42 17 -55 -87 -35 33 -12 -14 100 75 50 -19 47 -57 -12 13 -28 30 24 -73 58 -47 -36 -10 52 -77 -75 -2 66 -43 76 74 -72 -20 -28 -30 16 
-60 37 -87 48 79 22 54 82 -38 9 100 -33 -43 -46 -45 -56 23 -62 -19 9 -32 27 28 -90 66 -18 -1 -83 -65 0 70 -12 -71 -14 73 69 -13 -68 21 51 -68 6 42 55 -53 63 -38 17 90 60 1 1 -52 -14 -64 -37 7 -14 -21 86 70 40 -52 -78 -24 -13 48 63 83 -41 61 -43 -40 -81 -16 22 7 49 -92 32 -83 -49 -28 55 -12 55 6 -100 62 -1 58 64 4 39 95 54 -43 -28 -52 79 
48 95 -48 -49 -29 81 -34 41 -91 -61 99 -97 36 56 -94 -26 41 -61 8 78 44 -38 71 -67 -57 -48 -75 71 -94 -36 59 -41 -72 36 -30 61 94 -77 30 63 -89 24 6 6 -38 -82 26 -92 15 -65 59 -77 18 63 -78 -60 -95 89 68 -79 -26 -40 85 13 -41 -80 -44 -91 -39 -77 -27 -82 49 -93 -83 63 39 43 -58 -86 78 76 25 86 72 -100 58 -97 -61 43 -47 -41 -34 -7 40 71 -98 35 -19 52 
-47 -82 -75 30 55 8 4 32 -68 42 41 -60 -34 26 -65 -5 80 3 87 -63 -92 71 38 -76 -95 2 -33 99 21 56 -38 -83 60 38 -30 16 16 57 -24 83 -50 4 11 -34 -4 -84 -1 41 72 -24 -28 14 -90 37 44 -84 80 42 -58 61 3 -93 -25 15 -40 -27 90 1 90 20 87 -10 -17 -9 -57 91 -22 99 83 -56 14 -19 -86 -13 19 42 55 -97 5 -26 -73 28 -51 94 97 -45 26 -17 6 33 
54 12 -99 -4 92 62 -83 -100 -31 -8 -59 -86 -84 75 -100 71 35 55 50 -20 -21 100 31 -81 11 -95 11 -12 -5 38 73 3 -66 30 92 81 -84 -38 -8 78 55 -34 27 -45 -9 12 -56 -44 -61 87 22 -68 20 9 -98 -5 -52 -58 -25 -16 72 -90 -53 -84 -73 5 -74 -28 74 1 91 -32 -32 -39 51 -54 11 25 53 0 -93 -76 -54 -90 -67 -63 -11 -61 -50 15 90 -33 -86 -54 2 -15 89 -58 88 -78 
25 -66 -72 43 67 27 -37 -20 27 25 35 45 62 -94 84 -14 -78 -15 -28 52 -1 22 -1 28 96 -92 68 -67 5 -64 23 6 -83 65 -58 38 -39 49 23 98 -94 36 -39 -22 85 45 -18 -42 -2 -59 -99 48 86 -3 13 15 72 58 58 85 6 16 -23 21 -8 86 -17 76 58 92 -50 41 -18 21 -98 -99 86 11 74 17 21 -98 39 95 77 -1 27 -94 -23 63 -64 89 -70 19 -62 14 -87 -87 -39 -25 
-47 29 20 80 34 0 -38 96 -24 29 34 59 84 73 -85 -44 -16 45 80 -10 28 -35 30 -15 -14 54 -100 86 43 78 98 -5 71 -52 -97 -21 -30 32 -60 30 70 -1 -27 19 -1 54 11 53 21 -98 -19 -11 -75 -19 20 15 66 94 98 22 -39 57 48 25 11 69 77 -74 -99 -75 2 -49 -60 51 -69 -15 -27 -78 15 15 41 -61 -50 -63 -96 -67 -40 88 37 21 75 -9 96 -78 99 33 16 -36 69 -20 
98 85 -100 -88 2 85 26 -87 -12 21 22 -65 -76 33 23 -52 -82 4 87 -41 -94 6 -51 45 49 -88 64 -4 -37 18 -93 -92 81 -70 0 -39 -39 2 -15 66 -92 63 -30 28 -61 89 39 51 -35 -20 -40 89 -64 -24 -72 -56 -87 50 85 43 62 -62 -100 -45 -5 12 -73 40 89 22 26 64 55 -18 35 -17 24 4 85 -89 -98 -84 -8 17 -9 67 22 82 18 95 -18 -14 80 -82 -60 99 92 -11 54 -47 
8 -70 20 47 85 35 75 69 -77 46 58 -38 -24 6 -79 24 30 -7 98 -51 -85 -62 -93 11 -36 -55 42 -58 -100 -34 94 -47 -2 34 -13 55 -51 -64 78 56 -85 9 -6 -26 0 -34 46 -13 -6 44 37 -63 62 10 17 51 -82 -70 -15 22 0 73 -67 -96 -44 52 -47 76 -60 92 -69 -46 37 -16 -55 -40 64 85 -63 -71 -28 12 18 -10 0 -5 -11 -69 92 62 -39 6 -68 -44 -25 -6 -16 -38 -38 83 
45 -33 14 20 90 77 85 60 -45 -49 -78 -43 -88 -3 72 -67 54 -60 82 80 57 84 50 -95 55 97 -56 -88 87 -88 100 5 14 86 60 -51 -41 -64 -42 20 44 -23 -60 -55 99 -30 32 1 -62 35 19 43 6 22 31 16 3 88 -19 22 84 -71 -10 78 90 38 -88 60 -54 -78 -74 -40 -39 60 -54 99 39 -19 1 10 -100 -46 20 9 -13 -34 9 -68 -41 1 86 -13 86 47 -84 -88 -22 -8 -58 28 
29 -39 13 -32 -93 -81 -28 43 -70 -75 -36 -1 50 89 -87 75 23 -53 50 23 7 -59 18 16 97 28 -83 -70 19 -75 -14 -1 -63 17 25 -66 -34 39 -83 -72 2 -98 -89 -4 -79 -33 100 -95 -45 43 -27 33 87 -34 -72 -34 -100 -51 -85 -64 66 9 -23 -14 -77 22 31 95 10 37 97 -3 8 58 -14 -24 99 19 -56 89 30 -14 46 50 75 -64 100 -48 62 66 -92 37 -59 48 -30 68 -4 -86 77 93 
73 83 88 68 -58 78 -83 59 43 27 75 8 81 -35 1 88 43 -30 -43 94 -74 -20 -20 -23 -63 86 -64 72 -60 27 5 16 -95 -91 97 11 23 57 -70 -7 -73 -9 17 -29 68 52 -5 12 -24 45 97 5 -68 69 -29 56 -54 76 24 25 -56 -54 39 5 -69 -64 44 -32 -43 -48 68 26 68 42 -20 30 -91 53 81 53 -48 -55 89 -41 96 -68 -29 30 56 17 -68 -24 -39 56 -48 59 29 -82 -97 -11 
55 -45 27 6 40 -34 85 -60 -72 -48 -87 67 -65 18 29 -75 95 60 -6 19 49 6 -58 63 -65 -22 -40 58 -61 -65 54 -74 69 -35 70 11 -11 -2 57 28 58 -85 -100 25 49 88 66 -72 17 -56 -29 -28 6 -39 83 19 -33 -100 -59 -60 31 94 61 27 -86 3 -65 42 88 76 67 -92 -38 -39 -19 -90 -10 -50 -24 64 35 3 -83 14 91 21 -71 24 -51 28 -2 85 -69 18 93 -12 -45 86 -74 48 
-67 -64 27 78 -95 16 44 85 65 15 19 3 -96 33 -74 70 100 40 -86 49 -86 22 -87 -20 35 86 -86 -65 3 99 54 98 -40 70 4 -12 53 -4 -11 -95 -26 -96 89 42 63 -25 -87 -47 68 52 1 -100 93 55 25 -66 -21 -32 -20 86 77 -17 44 -20 -72 -77 97 -64 57 -2 -70 -44 47 69 -20 64 -94 45 -80 81 41 98 39 99 -14 -12 -21 22 -47 30 -98 -57 -60 24 -98 90 41 15 20 -66 
55 -5 18 0 53 -89 -47 -51 68 -87 62 68 -17 -46 55 18 -18 56 -90 12 -19 3 -3 -65 -45 -71 -62 94 -17 -45 -77 79 43 -24 -41 20 -12 72 17 5 -66 14 -74 49 -79 -32 -38 -14 -75 12 -93 -58 87 -100 54 -99 -3 14 71 -97 77 -39 -64 -42 97 93 -66 -56 2 76 -3 -99 92 -7 75 -32 1 -71 -69 -59 50 67 5 98 83 -20 -24 -28 16 -87 -81 65 7 80 -3 15 -89 72 49 70 
-73 36 39 -4 -40 -99 -92 85 33 -96 66 -49 29 95 -20 -56 -5 8 -71 -81 -81 60 -56 -54 66 -27 -77 6 -77 -23 -80 1 -55 -72 -86 -82 -82 44 21 8 85 -45 -16 -22 55 43 33 11 -8 53 61 56 69 -37 69 33 21 91 78 -13 -23 75 -43 -61 -50 99 25 81 -53 -99 9 72 -49 -59 5 -9 61 -63 23 -84 -45 15 24 12 23 12 30 -88 -42 34 -36 -75 -19 88 -57 -26 24 -73 -15 94 
-64 -64 -87 20 16 -80 43 -97 3 69 75 87 -11 -64 13 -98 -14 -79 7 52 55 -84 0 7 60 -14 -94 -16 -85 42 99 98 -59 -41 45 11 77 -83 4 99 -16 -59 79 -95 -41 76 3 -88 23 -42 39 0 65 68 10 60 -43 3 -86 64 -53 30 32 63 -24 48 -38 -93 31 -81 30 -8 43 98 25 -1 27 35 -93 -37 26 -21 -62 53 8 58 55 -60 -23 -91 82 3 63 14 1 87 68 -99 -9 -99 
-87 28 46 19 -71 16 4 -11 40 42 -39 80 66 60 -44 -35 -40 30 -9 -94 78 -88 30 93 24 86 24 68 -76 100 -98 69 76 6 -27 81 -56 3 1 -81 -1 74 -3 98 86 -35 83 29 61 -89 74 83 -60 39 16 -96 -16 5 67 81 66 -77 80 93 38 49 -88 66 -49 13 72 -100 -23 -44 1 12 -88 -50 38 56 30 88 -19 -69 -59 -70 -31 64 93 -61 87 45 70 -78 82 -48 48 90 -97 -19 
70 -31 -67 -99 -73 -99 5 -53 -14 -88 60 -32 11 3 -68 -86 36 89 13 -44 -84 22 -94 -51 -36 -12 76 -72 93 67 76 65 27 -48 86 88 -14 48 -36 88 31 -49 -84 40 -63 -35 -70 -36 57 87 -90 -66 70 -87 88 52 -10 56 25 -17 81 94 -84 0 -62 31 -95 45 66 -70 -93 -1 37 59 34 25 66 -81 63 -10 92 80 -53 75 -26 -47 52 72 29 -47 59 -95 20 -94 53 87 80 -37 -86 -22 
-53 9 95 26 -48 -38 94 70 57 19 -53 -69 45 -28 -48 -97 31 -24 -33 10 5 87 94 -29 -63 -4 57 -49 88 -94 48 -63 92 87 -46 -9 88 -58 -75 73 0 -42 -5 23 -26 -3 -42 16 -91 -84 -100 -42 -54 7 -32 26 -66 3 -4 -59 66 50 -91 99 -29 -78 34 83 -100 -82 39 31 -25 -2 -20 26 69 48 -69 33 77 53 -88 -61 -79 86 -74 -79 -15 34 31 96 83 54 97 -33 98 95 -12 -37 
88 96 -51 -10 -97 -83 -22 86 19 -1 54 84 100 -65 12 78 -81 -71 -9 -45 52 31 79 -39 42 -37 -62 26 53 48 -81 -54 48 68 43 -43 -59 -79 81 52 79 -36 88 -56 53 -28 -88 73 32 72 -34 3 -49 28 -41 99 -89 92 -58 16 41 69 16 -3 -99 68 59 49 -50 60 -43 83 75 -92 -36 81 85 -17 2 -40 -80 30 30 70 -63 29 73 -74 90 -94 86 4 22 -53 72 -33 -94 47 79 -41 
28 1 13 36 -96 -50 -57 7 36 -77 82 -59 -52 -44 0 -86 -71 78 -83 20 -20 -9 -32 -25 59 -24 29 57 2 -35 -1 77 42 2 22 27 -89 -7 31 -18 -97 21 -33 -74 47 34 -33 35 -75 57 23 35 -22 16 37 32 -99 -16 -55 79 65 57 -77 11 34 -31 -37 -14 99 -16 41 85 -22 73 15 -56 94 35 0 83 -28 -13 16 -64 -44 -18 54 -27 82 -51 72 39 12 91 -95 -99 -78 -97 -81 -20 
42 92 68 -33 -56 87 -89 -71 -67 92 -48 6 54 -100 90 30 25 -12 25 50 21 14 -29 61 -32 1 -98 21 4 -28 2 -41 28 -100 -97 82 -77 50 -62 75 -89 88 20 72 99 94 55 -2 70 96 84 9 -7 -16 -51 61 25 94 30 61 -100 3 -7 99 54 77 77 98 -59 90 -70 -51 -97 -16 39 -29 -78 100 -86 78 -84 -47 74 -35 -87 15 2 -4 89 45 -11 10 -37 10 -23 19 2 44 81 23 
100 33 -73 -74 55 -86 42 -55 26 12 -50 -52 15 -81 98 -32 -41 -63 -86 -35 68 26 50 50 49 -73 -98 -38 19 -36 -18 -3 78 -22 -13 82 100 49 -78 85 -60 72 -79 66 69 -97 -80 13 -62 -47 87 77 -63 74 19 -54 100 -92 -99 -5 78 -87 29 -81 44 94 67 81 49 80 83 -58 -35 89 -35 87 24 32 3 -73 -98 45 86 1 21 57 -79 65 -65 77 -23 44 82 -46 45 -45 -75 -64 46 99 
-63 100 7 -81 -10 -26 70 -22 -32 5 -79 19 -95 35 63 -10 -89 11 26 5 -32 -4 -67 -30 73 13 -14 -6 -82 -58 -55 58 -79 -93 7 -76 89 -24 -94 -75 95 -78 25 -35 44 54 -1 74 -86 86 28 -65 45 -12 11 14 -5 -43 -45 1 87 18 9 -66 62 56 25 47 -70 -83 -79 -42 20 52 -34 35 -47 -64 -33 72 40 -49 -8 -15 93 56 36 3 -15 88 29 -85 -45 -99 -94 58 19 -16 -31 92 
-50 -35 -88 -53 33 2 99 27 57 7 1 -68 4 14 -96 90 -51 67 10 -28 -32 -90 9 -15 -57 -10 84 55 -2 -56 -46 11 10 -69 -6 -23 62 45 94 73 -65 -18 -99 16 40 -69 38 28 14 72 -100 59 20 71 45 -41 8 39 10 50 96 -80 12 -73 88 -15 -85 30 11 -22 40 -99 50 -61 -95 -46 39 48 -79 58 -31 -80 33 -98 -47 61 46 1 -26 40 56 94 -38 10 -6 -8 17 17 26 5 
38 62 12 -21 -29 71 -36 -54 79 55 -35 68 -10 -58 -48 6 13 78 -62 97 46 -44 17 62 -28 -36 57 -12 -75 -44 -29 96 -84 17 -27 -28 34 -31 50 40 -99 -66 55 0 1 -40 -36 3 -78 3 -90 -52 -56 20 -71 -63 -38 -54 25 83 69 93 41 99 4 33 97 88 -82 20 2 65 51 43 -43 72 64 -6 15 2 45 -65 59 73 41 -52 70 -4 -13 -36 -32 -54 -63 -44 4 19 7 -42 92 75 
-77 62 -35 -96 -26 46 79 -16 -52 75 31 -69 60 -48 -13 7 72 32 70 -82 33 -10 40 36 -36 -29 -66 1 -93 19 -98 -63 -18 -40 -82 22 -14 -23 -49 22 91 -91 86 -69 -43 -55 4 68 -32 97 76 -79 -54 -60 85 -30 29 -22 17 66 -96 77 60 15 24 26 -38 100 18 -48 64 -44 22 -94 -33 42 -29 -49 -99 15 70 85 -76 56 -32 -53 -60 18 -30 3 74 -91 -92 86 10 99 55 -55 57 63 
64 60 29 -40 20 33 -43 39 75 8 70 -56 -84 -34 26 -97 -40 -1 25 97 -11 39 15 97 96 -56 -45 -74 -84 55 45 51 -32 45 54 -31 32 46 83 56 100 -40 37 85 10 74 -51 42 38 66 1 -12 21 -34 -29 35 66 -17 -45 44 -28 14 -75 -91 40 -63 62 -9 10 97 -67 31 -90 35 -100 51 -32 -62 48 -1 57 -32 24 -50 -17 -6 -11 9 75 -99 -61 75 82 -7 76 -57 22 -20 -26 -18 
-17 2 -43 -90 8 19 -17 -19 98 42 -80 -79 14 -48 -24 89 20 -65 48 -9 -92 -80 88 65 -58 87 -67 -99 -32 -49 66 12 -78 -53 -33 10 48 15 -70 43 77 50 3 5 -32 -86 16 6 -18 -57 73 49 -73 -7 38 59 -4 -54 92 33 3 -40 -68 -15 88 -89 -31 97 -91 62 84 100 -74 -86 -7 9 2 78 40 86 -82 99 53 61 -55 66 63 -50 -54 82 66 -9 -17 58 48 67 29 -39 40 -95 
-77 -40 29 58 -21 -89 -5 90 14 20 -96 20 68 -66 -16 -46 17 81 -74 12 25 -19 38 31 -75 25 63 -78 96 74 51 -37 57 -10 49 -2 -21 -13 20 -17 -21 20 76 34 39 -41 75 -89 -24 -30 -54 -64 -64 50 10 66 23 -36 8 29 -4 42 35 -80 -65 -30 -55 -46 -15 94 18 52 -18 98 95 91 78 91 84 58 83 18 -10 65 -65 53 -72 38 -27 37 -69 84 2 47 -43 -40 -99 93 -81 -82 
20 -1 20 58 -32 21 -13 -73 -3 51 38 54 -2 68 -1 11 89 -60 84 68 -42 86 57 -67 -53 -27 -59 -62 60 -40 -17 -24 11 -30 62 36 -80 -36 -45 17 51 -89 96 31 91 -48 64 -19 -44 -52 2 54 -77 73 -33 14 23 17 -79 47 84 -19 -39 -4 64 -37 11 62 -75 -30 79 -52 -25 -19 98 4 9 -4 84 99 4 26 53 29 78 -60 96 74 -75 49 -89 13 -4 69 31 -11 86 96 -35 84 
61 42 35 66 86 -72 -64 70 -52 92 1 -21 -92 19 -79 -55 30 64 -12 -71 27 5 -45 -90 32 -70 -100 -43 -13 -39 72 -52 -72 24 -67 -26 -40 27 0 -37 90 7 -80 17 92 -14 -7 46 64 94 -96 -57 -100 96 -31 68 -26 57 -13 -53 98 55 -7 17 -54 -33 -40 -4 29 -26 -74 -43 -3 64 -6 -51 -41 -77 -34 32 -63 -64 -9 42 80 -20 -12 97 -50 -38 -42 -91 79 -16 50 -14 49 -18 29 0 
27 7 -50 73 73 -77 -90 6 -91 7 81 6 -88 92 -51 -77 21 42 88 4 42 -31 94 -48 -86 91 36 -28 -43 -41 -50 -50 21 -18 -22 -91 -36 -90 -21 87 -67 -15 -97 93 7 72 4 -55 94 -58 -62 64 74 52 11 37 33 -57 -41 -58 -6 -21 -81 -95 66 -94 81 76 75 75 24 -4 -58 24 -49 -38 94 -78 35 -71 23 -19 -92 -35 88 -87 34 -87 -91 37 -29 68 6 56 61 -10 80 -60 54 -82 
-2 13 4 -71 24 -56 34 35 -83 1 -5 -15 85 40 -48 90 -40 73 73 -22 34 -93 -29 -46 97 -10 -48 60 18 25 -53 53 93 11 -64 53 88 42 71 -11 32 90 83 -93 86 -62 65 -39 -6 -82 -73 -45 -66 -94 -89 13 52 -75 -67 -1 2 53 -71 -54 22 -72 54 92 17 -62 -71 9 69 -21 55 72 -73 100 -70 22 -43 77 -5 -69 8 14 44 -40 47 48 2 -45 -73 31 61 -77 -68 -67 -78 74 
-99 -22 4 64 -84 75 7 83 -48 -43 -40 -95 -6 -30 -19 27 -55 79 58 -27 55 43 94 18 -76 -91 98 -63 48 -60 95 90 -78 -50 -63 39 -27 26 16 91 73 -49 -98 -73 -65 -99 86 -9 -69 -84 -72 -21 26 53 94 -51 90 72 -47 -13 78 96 -98 -78 40 -78 -7 53 -61 49 -10 -62 100 90 0 5 -29 -8 55 44 -68 -40 -4 -7 45 93 -78 -22 17 72 -24 -7 48 -19 43 24 81 58 -75 -41 
44 -8 -20 -68 -3 93 -9 -15 -11 -5 66 81 -5 -77 47 -5 43 -87 58 68 87 -21 0 44 -46 30 13 43 62 -2 -94 15 28 95 73 -77 72 -96 -68 -26 -12 -75 68 60 66 -79 -14 55 69 73 28 -54 22 -46 -31 58 20 35 4 -8 -5 88 -81 -93 -60 25 -20 -15 -44 -23 48 -98 91 82 -78 88 72 11 -99 14 73 27 -61 -65 49 -84 95 -100 -19 92 28 -73 37 -49 33 67 -4 81 -37 -11 
-16 -42 23 -25 -27 57 7 -14 70 -36 82 -94 -73 -22 73 31 61 8 83 38 -95 -16 36 54 18 -98 85 -51 -29 -25 -97 -71 -51 -92 39 -96 22 36 10 37 57 -51 82 93 69 -34 95 -29 95 69 97 -37 -17 -54 -41 -99 -35 6 52 -5 -34 -3 59 14 0 -86 -36 -9 -90 -42 42 -50 -4 42 1 -71 -43 -3 7 57 -47 -56 -76 91 80 32 88 -67 -36 -73 -32 49 7 -9 -23 -96 -73 -58 -11 14 
97 89 -92 -5 -71 -80 10 -24 -16 -23 80 -98 -39 -13 71 34 32 -57 -96 18 -17 53 81 -6 65 -75 29 -21 -36 -32 94 -14 -66 99 -53 -15 77 -75 93 -4 -56 -78 30 15 -41 -13 -54 -54 31 -34 71 6 12 22 39 -63 -94 20 -76 -20 -75 -63 24 46 -46 -36 12 88 -32 -10 1 55 -100 -83 -40 73 11 -92 -90 -38 -94 -92 -29 25 26 -22 44 49 54 4 23 -70 30 -22 75 67 52 -2 15 -40 
-68 20 89 79 94 -76 86 -67 63 -30 -13 -21 -11 41 -68 28 -40 -13 20 -44 -67 -28 9 48 71 75 10 -41 20 -50 12 -48 43 29 65 12 26 -60 1 57 -2 93 83 44 56 31 98 -96 77 3 70 -6 39 -15 -29 -45 7 -41 -47 25 -94 -57 -48 -19 57 -63 8 45 -80 10 -85 -58 -90 89 82 13 -72 -89 78 -32 -67 -27 -78 49 93 80 -54 98 100 -10 -74 -83 -39 -36 35 -78 85 26 87 39 
42 -11 86 72 -59 30 -8 -26 -52 99 100 -33 10 -77 99 -31 48 -17 68 -88 63 -45 -69 15 2 16 -84 -57 52 17 -95 -14 27 -13 25 75 20 -84 -34 70 23 -94 38 82 83 -95 90 61 -82 20 51 -9 42 91 77 -92 -67 21 54 -55 88 -68 27 -61 -61 -62 -15 51 -64 9 -10 -2 -65 57 -54 -52 66 76 -90 100 -49 32 81 8 -79 -83 4 -49 71 49 -45 -9 -88 0 -12 69 -42 49 -43 -7 
26 -16 87 27 -85 0 -28 55 29 53 -78 -64 -70 -17 -100 -35 -3 -55 59 11 -43 2 12 58 22 -92 54 88 -72 78 -75 96 -24 -38 -8 54 70 6 37 -70 -51 13 38 100 -37 -35 -81 -56 -35 -20 64 -90 -33 0 88 -47 -81 -50 -5 21 51 -26 -9 28 -32 10 -60 88 5 -87 79 -5 -6 5 2 -79 -15 83 -10 0 1 44 -21 -79 -90 34 -98 -59 -15 53 -5 42 64 -79 -32 63 62 25 -6 -58 
60 -27 20 47 -85 59 67 70 37 -74 23 27 -43 -69 11 -91 83 42 18 8 5 -63 -18 -66 0 90 -13 85 -79 -30 28 3 26 33 77 39 25 16 80 -45 2 72 37 -44 70 42 -67 -53 0 55 12 5 -64 45 29 43 64 -75 -41 72 87 45 97 -27 -94 -65 73 -9 78 39 46 -72 78 -7 -34 11 -71 13 25 -57 68 -91 89 -20 -84 69 37 -17 -89 -3 -70 -41 69 -98 50 -64 2 -30 -61 18 
92 29 -100 -9 -63 3 -88 -80 -13 44 33 57 7 -50 -93 59 -61 -70 19 4 55 5 -43 41 65 46 44 42 -19 5 77 39 -78 19 -3 55 -50 -54 -39 41 2 52 33 -68 86 85 -65 93 -38 -76 -44 43 41 -25 -18 -5 74 -7 -69 11 52 1 -86 89 -77 -57 98 -9 40 -13 -57 62 -18 20 -98 66 -1 -63 63 29 -52 -75 87 -46 68 37 92 99 -52 -29 -30 -12 75 -93 -27 74 -76 -69 -40 2 
-14 -65 -81 -36 -49 69 -75 -8 -31 81 43 15 -4 48 4 -64 -48 4 -64 19 57 51 -47 -63 -85 -57 57 95 32 18 61 -61 58 2 80 36 -80 -41 -78 -75 41 20 72 -29 -64 -14 10 -96 -16 48 52 27 -15 98 -74 -5 98 29 67 -71 20 49 -52 -74 3 55 42 -9 26 9 73 -100 -82 -78 96 -24 -39 29 12 -81 57 29 79 50 72 -31 -57 -93 -2 27 15 51 -64 34 32 -81 -29 35 -33 57 
-56 41 -24 91 -12 -32 -52 -56 -52 7 -41 -98 -48 6 95 71 49 95 -92 -11 -68 -81 -47 95 53 60 65 -68 63 0 52 -86 -75 51 20 -65 29 98 -71 -22 -97 -63 -46 19 -7 -100 -14 65 -19 90 -37 79 -80 57 94 -59 -22 -16 -64 -98 -90 72 -47 -5 24 48 78 -2 -26 45 -61 -94 -83 90 -62 13 -49 -37 -16 -53 3 -67 59 40 -23 -95 65 95 81 18 58 59 73 -45 -53 20 7 88 -19 7 
-16 -24 78 -40 63 -91 83 -52 -7 -7 45 -90 80 67 -55 82 84 41 48 97 -73 -64 94 87 -88 -48 -85 -53 -12 71 -52 -32 83 -24 -16 48 91 17 37 11 -84 -37 53 -85 100 -25 -45 22 -8 -87 -24 -24 56 -23 -83 26 47 74 -7 64 41 15 63 -91 -52 -70 -17 -21 26 -53 31 -74 21 -54 36 87 16 -69 99 -50 -53 97 96 -89 -56 -23 35 77 -23 11 -93 -78 80 -74 -74 -51 -50 42 -7 62 
-3 93 10 -73 -35 -89 34 -16 7 -45 -96 4 -36 -14 -29 36 -97 71 11 39 -51 80 72 23 -42 1 87 -53 -40 -22 -79 -64 -15 27 13 -49 84 -100 93 84 38 -21 26 40 -43 2 25 -33 66 -62 4 -56 27 1 -70 19 -90 33 -40 30 51 1 -59 -28 53 -14 74 39 51 31 16 40 -20 -31 77 -21 -56 -71 24 -24 51 -41 18 -91 -77 42 -93 61 42 7 52 14 16 4 -21 -18 -26 73 -94 76 
-29 34 -34 -57 78 69 47 61 -90 -38 -42 100 -3 -99 95 -73 36 29 -4 72 0 -15 74 59 -12 -22 46 75 -45 -30 15 -73 73 -33 94 78 -5 -67 70 -31 35 -83 -96 -58 79 -74 13 96 60 4 92 65 56 90 22 21 -76 0 -25 -84 77 41 -30 73 8 -42 -6 75 -73 84 54 55 5 -78 68 45 -58 -89 -82 84 48 -68 99 -85 15 -62 0 61 78 43 -74 87 33 36 -93 6 -85 97 71 -89 
51 -49 37 -15 84 28 -24 32 -24 65 2 -63 85 -62 -44 -99 20 -4 -9 -81 -46 -79 -100 59 31 -34 3 3 -33 -56 39 35 -1 -9 -75 -35 -41 7 -34 -18 -23 -7 31 66 99 -27 51 -97 76 3 -2 34 -95 79 93 -65 -65 8 97 98 64 -31 71 5 0 86 -65 71 33 -93 13 -62 -14 -52 97 38 12 45 53 42 100 -52 14 74 80 30 11 58 -42 20 38 79 -23 36 88 -45 90 -4 45 23 
13 76 46 -65 -77 9 -26 -57 -7 76 -5 -22 2 10 91 76 -3 -53 82 49 7 35 21 -83 77 -64 -53 -61 -19 42 13 61 -17 26 50 -80 12 -6 5 19 22 51 60 -61 95 -10 20 18 47 -29 -85 -67 -47 -73 -29 94 67 62 -62 14 34 0 -72 -99 5 90 7 68 -30 67 -60 -8 -2 61 5 61 -32 -82 -71 -17 53 -41 -67 -55 -12 22 -86 -18 61 -14 -24 -94 34 41 95 -20 -18 -49 18 -54 
40 65 -10 -72 95 -87 31 -44 -13 91 -97 0 -26 -100 -85 -56 -22 72 -85 58 57 27 77 -67 61 38 69 76 92 64 96 -9 -84 -30 55 -24 -48 -55 -26 45 -61 21 49 71 22 70 12 -82 -82 -53 42 -24 61 -52 -44 -4 -84 -53 -32 22 -14 82 83 52 -71 15 -78 70 67 51 9 -77 -29 25 9 -48 60 -49 -47 86 57 95 20 -16 29 9 -97 -25 25 -46 69 -12 -6 74 40 87 -75 -95 38 -34 
30 -96 -24 50 11 89 30 -74 37 55 -88 97 -3 61 -17 27 -24 -93 41 46 67 38 -75 20 -39 69 -17 -68 77 2 -49 -35 60 51 37 30 -53 50 -81 18 -53 48 -1 61 76 -51 67 81 22 44 2 10 -45 18 54 -36 -37 31 -91 17 -3 90 -77 -47 86 -19 1 -23 26 -38 60 63 54 35 -15 -30 16 -30 -58 -87 53 44 -20 -63 98 -42 -40 -69 25 -28 73 73 34 -81 43 20 56 -98 -4 46 
60 -85 -45 -2 29 -29 75 -3 44 100 -58 47 56 -39 -91 -75 -3 -41 -22 -22 -92 17 20 -81 -74 -13 -73 73 -51 -29 -53 59 -59 -57 32 -96 45 90 -44 -51 -67 -87 23 -46 0 -72 -35 12 -66 99 -20 11 92 65 -30 -82 29 75 -57 48 -26 -58 97 -60 91 37 -18 -59 -41 -37 -9 7 -3 -26 -13 16 -6 -68 -17 -14 37 27 17 79 -74 45 -48 -74 -87 99 -83 -97 -17 8 -29 -10 -30 63 84 93 
75 48 84 -67 63 84 -40 -69 95 74 37 20 12 6 8 -37 72 78 -3 -1 3 -23 22 -53 53 19 -82 -9 58 81 -9 -70 74 30 39 31 -48 9 97 73 -63 -65 40 13 -6 93 43 -83 -24 4 100 -27 15 -66 40 54 -47 79 6 -11 91 86 18 -45 74 -23 -27 90 -36 -47 -81 56 -68 -80 12 -25 95 -82 -9 -97 65 -40 -89 -68 77 -70 100 59 -10 -41 70 13 -43 -42 -59 25 -92 -16 68 -98 
-90 8 17 -48 -5 -79 -28 -76 30 2 -70 -94 86 -27 47 37 50 83 38 -67 7 -22 79 81 -12 64 53 -63 63 27 65 74 20 -44 84 89 58 54 80 23 94 82 99 57 26 90 -51 -17 48 -66 -89 70 -59 -30 -54 82 30 95 -48 -41 68 -22 -55 -50 -79 -27 -28 -53 36 -66 -36 -43 33 -50 -10 50 72 74 -68 -26 14 47 5 47 -36 4 -46 99 -14 94 96 -62 -56 89 73 -26 2 -50 52 68 
74 46 85 -13 -49 70 -19 -51 31 -44 52 75 20 70 85 -32 -9 -39 -14 -47 -100 -65 62 79 86 2 16 -59 -32 55 79 95 38 -8 -95 -81 -27 -76 69 13 3 73 87 -50 -5 3 95 -57 -20 16 61 -5 43 -1 32 -65 7 47 -60 -46 -8 -12 85 96 -22 -18 -98 10 16 -76 67 80 8 59 -53 71 -84 22 18 -92 -34 -95 -6 -79 -64 23 -58 -3 8 -94 -86 -52 -59 21 -54 78 -29 100 -55 -2 
82 45 59 -31 -24 -25 54 -99 73 -46 55 99 -6 86 -20 32 -53 29 54 -8 -76 -80 -83 -2 45 -31 -14 64 88 25 4 -99 -67 70 -67 -70 -77 61 -59 29 -20 90 38 -3 89 -12 58 53 -83 31 -2 7 51 46 31 -88 24 17 77 3 55 -77 33 -64 74 -11 -70 -68 7 34 55 -41 15 99 11 -95 -41 -83 95 5 -15 3 -81 12 46 -9 -20 -37 -44 20 39 -45 -30 51 -82 98 78 -45 4 69 
-67 16 58 -2 85 -74 75 74 6 53 45 31 53 53 -62 61 12 66 43 79 61 -80 -39 47 52 -23 34 16 -53 45 48 -56 61 -50 -83 35 88 -31 -15 -35 -73 -16 61 89 -16 71 -28 64 23 50 13 -21 -12 73 -58 -81 8 -48 42 -95 -14 65 -75 -42 26 -16 0 77 -24 -8 52 57 35 67 9 53 -52 96 97 -60 -11 23 -6 54 83 -77 -88 -14 72 -67 76 16 -98 -88 33 -15 26 -47 30 75 
6 31 80 72 -62 71 -18 53 -9 54 -42 -94 33 -28 49 1 -93 -35 -93 -85 10 20 -47 -34 -98 -75 -33 84 -90 4 -32 5 -39 -52 75 36 16 37 -26 9 -85 -8 70 -79 -23 -12 -87 87 94 -2 37 46 -66 19 93 -29 -8 -65 -12 -59 -58 -41 -68 65 17 17 -10 97 -63 -81 -34 94 49 -68 48 -98 55 1 -26 -95 -69 -54 43 26 -64 18 16 95 83 -23 -78 99 -76 -64 64 -10 3 -9 60 83 
-10 46 -23 57 -35 11 -38 76 -61 83 -55 -19 -57 -62 -2 70 -2 70 -77 -65 -96 23 29 3 -29 -88 57 59 34 -74 -58 83 -77 -68 -21 -14 89 77 23 -35 78 -62 11 86 -45 -59 37 57 12 53 -60 -99 42 -73 -89 -9 63 -61 13 83 -73 88 -10 -31 -65 54 -71 62 -57 100 -4 43 -73 -9 65 -59 -66 -4 -76 57 68 -30 -27 91 49 -33 -58 61 -85 68 85 -31 -76 -14 -31 -56 -81 36 -99 -100 
15 -47 -31 20 -45 5 -72 89 -12 82 22 76 35 -49 -68 -73 16 -63 75 50 95 -19 77 79 2 -30 -88 -45 -39 -10 -80 -93 -40 62 -19 -26 -82 -54 51 -40 -41 89 44 36 51 -29 -69 -66 -85 -77 -12 -100 -5 22 46 95 -26 -52 24 33 -60 -36 -23 -20 21 14 -47 -62 -18 -45 51 83 -95 22 32 -32 33 -97 18 82 -79 -59 68 96 44 15 44 24 8 91 59 10 -22 -7 87 -2 -40 75 100 16 
84 -26 89 60 -18 -90 38 14 38 -58 31 51 -89 -4 -26 -76 -25 -41 -29 83 -29 35 82 -58 80 55 -99 -5 -12 -14 -38 -24 56 -78 -85 96 55 -98 -88 -97 3 -74 8 32 71 27 63 90 51 100 -50 58 -71 17 -1 40 -50 54 -60 8 -39 -99 32 78 99 -96 -71 -72 -44 -84 -58 -26 45 -59 -73 87 94 54 52 70 -64 -31 -34 -87 90 44 74 -34 86 42 15 92 14 -40 58 -96 24 12 -12 -40 
75 -17 37 -71 -83 45 86 -35 22 45 22 41 17 41 33 74 -100 -5 -34 57 98 46 -2 -58 75 47 58 65 44 -49 -33 -42 -8 -95 18 -96 38 -35 57 80 -35 22 63 -4 -49 -57 -50 52 61 99 83 44 25 -39 99 36 -65 25 -70 82 57 -77 17 -97 -28 82 67 51 64 56 -54 49 88 -5 61 36 -22 -21 -58 -28 0 -54 65 -20 -35 33 -23 79 61 42 90 23 66 -73 85 69 -61 -9 83 11 
59 -55 -10 89 36 55 -15 -52 -64 71 -76 35 -66 -34 44 8 97 -68 70 100 39 -12 -55 50 4 40 -60 36 -24 -95 -47 7 -42 83 -92 -32 -97 -26 -33 70 -63 91 -63 72 -22 -76 -93 31 -28 73 -40 14 -63 -46 24 -70 -4 47 33 8 92 -7 -15 16 84 -76 91 84 97 21 -85 42 55 74 9 39 -54 -41 -100 37 -61 -13 62 77 78 -29 -49 -85 99 76 12 -67 -74 66 -71 -47 -49 -43 18 -7 
74 -71 -100 84 -21 -6 -67 29 -12 -68 81 -78 -34 -4 56 -57 30 63 26 -15 -99 10 76 -75 -63 -28 41 55 58 7 23 25 89 38 0 -93 100 45 81 -92 -99 -47 -2 -67 -11 -1 -60 -68 -2 97 89 64 93 -77 -86 -52 -78 100 65 -79 -51 -98 -87 92 37 92 20 -80 14 -10 94 6 99 -75 95 -19 -43 78 -75 6 -18 -81 86 -33 11 -34 -77 -38 -39 70 47 -8 -87 35 17 93 62 -84 54 80 
9 -36 96 -10 16 -48 -3 -5 -44 84 -84 -97 58 -98 -35 26 -34 -47 -61 28 11 14 29 18 46 31 36 -38 84 36 41 -64 -96 -100 79 -41 -10 28 -54 -24 -51 57 15 25 -55 -89 67 22 12 -15 34 -57 -51 -14 41 90 -18 71 42 -29 82 -9 25 -42 41 44 -6 100 69 84 -6 -61 63 20 -38 14 -18 -7 -39 19 55 11 78 5 -17 -9 -81 -70 -8 -36 29 -68 14 -69 -71 -47 -12 78 88 -18 
-44 31 -61 41 10 17 -81 45 -60 9 -62 -91 27 -65 -39 -33 16 -76 75 -50 -12 42 34 -71 -71 54 30 -15 -92 -46 78 -71 -29 4 57 22 -71 10 -57 14 -59 -5 94 30 80 -67 34 9 55 24 -43 49 5 63 -84 56 -43 -31 -50 6 -58 32 -89 -39 -20 -75 -52 71 13 -81 83 95 30 95 -91 -16 31 66 -40 81 -16 -61 57 -72 -31 -36 -7 2 -60 -22 53 14 92 0 -100 -39 31 -100 -45 -95 
-20 -29 -5 -67 11 83 37 40 36 -49 -24 49 42 99 -81 76 82 -74 63 -77 -98 15 48 -40 63 89 -27 88 -8 66 -53 87 -53 -28 -97 -85 31 -29 33 40 -4 49 90 -7 -67 73 70 88 91 95 38 -35 94 -59 26 36 -29 34 17 -54 20 66 -48 62 73 21 49 -2 43 -21 -37 -88 -26 93 -38 -36 54 33 75 63 77 90 87 40 -95 81 30 -94 42 -47 -82 -13 38 39 -8 -13 -44 72 3 33 
88 -72 -68 65 -94 -8 -41 -66 -33 48 -90 -21 -92 -53 -10 -93 -67 -79 28 13 70 -55 66 56 30 63 76 100 24 -100 34 -11 -12 18 -1 -24 -29 -23 51 66 -21 27 -43 25 -7 66 -93 50 31 44 -49 -22 -1 38 -25 -95 71 -53 100 31 -94 48 80 -79 26 -19 -65 28 -8 -26 -80 -4 14 39 22 -82 -72 71 -69 56 82 -56 2 -51 95 84 4 -98 -75 7 46 -65 43 12 -28 45 38 45 -33 -81 
51 -59 81 -4 -92 65 -73 70 41 7 -74 2 -63 52 91 25 69 93 18 83 70 100 66 3 -96 -100 86 43 74 -20 -70 -36 4 -76 -19 46 75 9 -53 -62 19 80 -2 23 -88 -42 -61 -49 68 1 94 -4 42 -58 49 57 -56 84 -56 84 82 43 51 88 -46 44 -28 -88 95 6 10 31 -90 -36 -43 -91 84 -19 -86 -49 65 -80 8 6 69 -11 25 -26 49 27 -26 16 17 -59 25 -25 98 39 33 20 
3 19 41 21 -8 -66 16 40 -28 -39 44 71 36 -24 -5 -60 -67 -77 67 6 -41 -46 62 -17 54 59 -67 -81 -32 57 -81 49 56 -47 -10 1 -38 57 23 -89 -15 86 64 73 65 72 33 14 62 45 -57 57 -94 -23 -64 -42 -74 -15 38 35 -25 90 10 27 -15 70 9 -19 -95 -28 35 -2 44 -72 18 -71 -22 -57 -59 -8 18 -15 65 72 16 73 -63 -72 -27 -59 -55 63 -63 -57 52 -93 -34 -32 -42 96 
49 -35 73 -30 -67 -79 -88 83 41 80 58 85 -94 -93 -65 -90 57 16 -20 3 29 -44 3 -28 67 40 -50 2 -85 -27 19 -19 0 87 -32 -100 -65 -15 -50 19 -87 -91 38 -91 22 -83 -24 68 26 -9 45 -71 -37 -21 70 36 71 70 7 11 -30 35 37 -45 -100 47 47 -12 9 100 -98 92 -30 -38 35 64 12 84 -79 55 28 80 -56 -63 56 -87 -95 -89 59 95 5 -29 67 -11 22 46 -41 36 28 31 
27 -79 4 -87 -100 52 25 -40 -56 95 100 55 -85 81 -68 -14 -77 -91 95 95 -85 23 -35 -76 -83 -36 83 83 78 89 26 57 22 -45 -43 -27 70 72 -100 2 -14 39 -81 86 -53 96 -63 46 40 92 -53 6 33 -54 48 -38 27 -100 15 -52 23 -48 -6 10 -38 -90 -45 -67 14 -91 -67 -89 66 -8 -5 78 -87 8 -61 -46 -52 -48 88 -23 -46 45 2 61 -24 -82 -52 -48 -38 -99 -43 36 7 84 -83 -17 
21 -7 -55 54 -60 97 -54 -81 -13 37 -56 68 85 80 23 64 -84 19 90 37 5 -58 -28 74 -41 51 -19 -70 -24 4 -31 66 11 93 -17 3 -21 -55 41 52 7 -47 -86 -7 59 -69 -16 40 -58 -98 94 33 9 74 -61 43 31 -69 -48 -12 88 -71 -4 -24 32 -36 -93 69 69 43 -52 95 2 -24 30 -45 67 -65 40 -72 -28 -86 -46 60 1 -40 -77 65 -85 -68 -99 -65 -26 33 95 -36 84 62 -79 -77 
-66 37 -12 7 -73 -52 -8 -10 -18 -45 -22 -66 8 -9 72 42 -82 -41 -64 -15 39 -88 -89 39 -32 97 -10 -67 -30 -87 82 -22 -97 99 -98 -27 65 69 64 -27 -16 83 -82 71 30 -30 54 -64 36 11 42 55 1 90 59 63 -18 -72 -76 74 43 86 -80 -20 82 -68 95 8 78 -84 3 58 -91 -42 100 34 15 -100 66 -29 19 -75 -95 55 -63 -4 -73 -95 56 0 -88 30 53 -12 68 50 47 30 -83 8 
-72 -7 77 53 41 -86 -73 -84 71 50 55 -87 78 -66 56 67 68 79 49 -4 -59 98 -6 -90 44 -83 -72 74 -35 63 92 10 -12 57 46 -52 -42 22 -71 80 -62 -61 26 6 -10 -5 97 -66 77 18 -97 56 -18 38 -73 -85 -91 -72 -33 -40 68 26 73 -74 97 13 -26 18 14 -87 -59 1 -49 76 -36 -93 -30 -73 -31 -73 -29 -66 -99 -88 -97 -71 -12 66 78 1 -11 -73 -14 69 -64 -41 -12 -11 51 40 
-67 8 -28 93 13 41 -82 -14 -85 -82 96 -49 -69 -8 -27 -91 -62 -29 59 6 88 91 56 -6 71 -78 10 -5 81 76 -31 -78 -27 -36 -33 33 -60 -49 -40 -41 100 -84 2 90 -65 -56 47 99 85 -21 -30 -48 90 74 -32 53 100 -15 -77 59 -24 87 -72 30 33 -51 -50 11 -32 -93 -2 -97 12 -98 19 -88 -73 -3 27 35 41 27 -16 -76 -43 -4 -43 -32 -97 98 -17 -65 -12 -6 -12 2 31 -22 76 -3 
-62 63 75 41 72 38 -67 -79 -46 -57 -43 -29 -89 1 -60 -26 -17 51 -59 100 65 84 -8 99 37 -9 -8 -73 -17 -37 19 74 55 -37 95 -25 -58 13 -80 34 97 -29 -10 80 5 -18 8 23 -10 -44 -87 -3 56 -10 -42 -87 -65 8 -43 -51 -36 -83 -37 49 87 59 19 -30 43 -39 29 -62 -12 -93 90 -91 20 -17 21 44 59 2 69 90 -94 95 82 49 -84 -8 -34 20 -70 28 8 -5 71 92 84 -62 
-14 67 98 53 100 -46 30 82 -38 35 29 -35 -43 16 69 68 -26 22 -77 95 -16 40 -72 32 -26 -83 -65 79 -74 22 24 7 -14 -50 -31 25 73 -38 -48 76 64 -39 -77 -71 85 -98 -90 99 -29 -59 59 -83 90 10 95 -31 -58 -96 -21 -23 -39 32 -62 44 34 -5 -10 -79 3 1 5 -75 -36 58 55 31 26 -20 -71 -11 -29 52 90 67 -22 -23 -21 3 -53 81 -88 65 -72 -21 28 55 -24 -7 51 -34 
-24 13 56 -87 91 -83 -95 -80 -11 -58 -61 10 -67 76 -95 91 -67 31 32 48 91 29 -14 68 47 -40 -26 15 32 10 -73 -99 -79 29 45 -37 45 -66 97 55 90 -36 -73 39 -23 -7 -2 -90 -2 -26 -1 -69 51 87 -41 99 33 -64 -98 78 -85 8 24 19 67 -47 86 -100 -91 -60 51 -87 -32 -83 -67 -52 66 -88 -49 -79 -54 -19 -29 -58 95 37 -73 -60 91 22 26 23 -64 66 -41 74 82 75 65 -16 
-97 -29 28 -92 19 -73 -57 44 50 -31 -57 65 54 -9 -44 5 39 32 66 39 95 -80 -55 -97 -100 -97 -9 32 -2 64 -100 -80 23 62 -80 -25 -46 -71 -100 1 41 69 7 -67 -66 31 -91 10 -21 58 -70 47 89 -41 69 58 -72 60 -94 -64 51 -45 -90 80 76 -23 -33 -87 71 67 -78 40 67 39 71 -19 -8 -60 54 -37 -62 76 26 -96 76 -87 8 -57 -53 -94 -70 -23 7 -84 35 95 -79 52 98 -51 
0 -33 14 48 -91 -87 39 -64 13 6 -20 -97 -27 -97 88 95 13 69 100 70 68 -12 51 -59 23 -92 17 -87 32 -42 -34 -72 -67 33 86 63 -59 -26 76 99 84 -4 40 -31 -81 -33 9 -4 46 -55 91 -68 46 85 -96 -41 89 -39 58 80 67 11 78 74 -89 -33 -23 -82 -9 -53 48 -93 54 82 57 -26 32 53 47 -41 56 99 53 -77 42 74 -8 -90 13 -79 52 10 -25 9 8 -1 84 -84 77 69 
46 -28 -92 33 -12 -88 -48 -36 -52 -40 -89 -84 -2 -55 29 -56 -99 -48 -71 -23 -5 75 54 -19 -61 -63 26 38 -39 93 79 -58 -67 73 -27 -54 91 80 -73 -44 -75 72 94 -53 80 -53 -11 78 -14 85 44 -64 -7 -56 81 -32 -12 20 37 -44 77 41 70 26 -59 83 -71 6 -73 -35 -80 -20 93 -63 74 -65 14 15 74 92 -63 29 98 -23 41 -52 67 -23 -29 14 -35 -57 31 93 22 79 -6 36 4 71 
-23 -8 51 -82 93 24 26 28 -57 -80 94 -36 65 18 88 86 9 75 -36 -28 -52 -61 45 -62 -48 -88 -37 -13 77 25 15 -6 45 27 -60 32 42 55 85 12 72 70 21 -6 1 61 -27 58 0 77 -29 -15 -88 -97 -36 13 -25 -53 -30 -70 25 -20 -38 -99 -54 87 -88 -79 69 53 48 -91 98 26 100 -89 -83 19 -36 -65 -3 -66 -7 -18 -72 -83 -43 4 -67 -77 60 -99 -53 78 69 -82 -43 63 -20 36 
47 6 -93 -59 36 79 46 -22 -1 -93 -62 43 74 49 48 -89 -63 15 -68 38 54 87 48 85 -51 -90 65 -86 -94 -49 -85 62 -75 -72 94 -39 89 -87 -91 -50 -12 -19 -41 -77 -53 29 -81 23 -56 -59 68 53 -55 -53 21 -63 -75 29 -57 54 -79 21 -14 46 -38 -98 47 88 55 -74 35 51 -28 -76 56 -2 -56 42 42 -52 91 -3 -90 55 6 93 -64 15 22 21 -50 65 86 -87 36 61 -40 64 30 68 
54 72 -76 32 -38 -22 76 -40 17 30 6 24 -18 -15 78 74 -56 85 100 90 -43 -46 -80 -2 3 -67 77 8 -7 -77 92 21 -69 -35 34 94 3 44 -22 -88 8 38 79 34 -34 -17 -73 84 -68 -40 66 -88 36 -31 -82 42 -44 -11 11 38 -66 40 97 76 62 -84 -2 61 32 29 -32 -65 -26 77 20 62 7 -93 -76 -18 93 5 81 -78 22 -37 -56 26 -3 65 -82 70 -100 -5 13 -43 57 -19 -17 -81 
-39 32 -8 63 3 -48 -46 -46 -44 -8 84 -36 94 -54 -6 61 48 -61 -9 -48 -80 -35 7 -97 -6 90 -72 48 99 -4 96 46 17 74 -13 -39 99 -61 -96 98 31 57 -1 -69 -82 -43 -19 -89 -70 22 -82 -83 -63 -66 40 10 -83 60 54 -41 46 61 -58 -45 77 99 -46 95 12 -76 90 8 -12 -50 -17 38 -7 -18 65 68 -63 21 -2 89 54 33 -15 89 93 22 -26 71 96 92 -21 58 14 12 -29 2 
-76 26 87 -27 -35 -12 36 43 -30 -87 -5 87 -99 86 53 -4 16 63 -33 -89 -11 0 64 1 -39 -31 -58 56 72 52 -52 32 -30 54 -84 -44 -77 -67 5 83 -70 -62 77 73 -28 65 36 -1 -60 78 63 89 30 64 -50 76 77 43 -52 41 36 -83 99 49 -22 -72 -56 21 -64 -24 97 76 66 -59 21 -58 95 84 -65 74 -26 79 -9 99 -59 -69 92 31 47 36 -79 55 25 -49 -78 -10 2 71 3 -20 
-9 99 6 26 72 97 -96 -42 -40 49 37 -64 -92 4 -56 26 -8 -56 -28 -16 -12 -15 -49 -42 -35 99 -29 93 48 74 -71 -93 69 24 -77 -17 -84 88 70 -83 19 -12 -99 -71 93 44 60 39 -54 24 -1 -3 17 -98 -89 -75 -62 -16 21 -7 -48 -2 94 -58 24 -10 31 96 -50 12 -51 -57 -11 78 100 52 -94 75 -12 -67 46 -51 -80 -61 73 -6 42 -61 -77 19 9 80 58 68 47 -9 88 61 -28 49 
-91 89 -32 30 75 -10 -16 46 -69 -60 -95 -98 19 49 -19 34 44 -66 57 6 63 -95 -56 -60 -67 -7 -24 77 81 62 -29 83 50 -53 23 47 -50 54 89 -27 79 -37 9 21 -52 -62 15 38 -25 55 69 67 -21 -18 10 26 -41 -7 78 -98 44 8 -6 57 -37 94 21 69 -72 -55 3 -23 29 35 -90 39 67 24 25 20 -43 15 -28 8 -78 85 -14 45 5 73 -30 37 -96 -98 -100 -33 74 -19 33 -90 
40 -45 65 50 -52 -7 70 1 78 100 13 -77 39 30 -82 -84 68 88 -28 -29 -43 87 25 61 -60 58 78 29 -21 -68 -69 -65 -6 98 100 77 -48 57 33 -31 92 45 89 -25 -30 95 18 -32 -19 -23 12 21 92 -7 41 -64 76 -42 -90 38 80 100 26 50 -1 51 80 44 20 74 -50 46 62 -79 -73 62 -86 -77 -45 65 -91 54 22 51 27 -48 34 -19 -48 32 -75 81 -78 41 2 -28 -8 -95 65 -96 
98 27 41 -4 29 -40 -3 88 -73 20 35 -64 -11 -51 -69 8 24 -60 98 39 -12 31 15 -5 -79 91 -7 85 -4 -16 3 -91 83 22 -66 -61 52 -46 -62 -100 -41 -47 -96 -64 -51 5 -60 -76 -21 55 3 37 97 -78 63 -69 -74 -22 22 69 -72 -25 -16 48 71 3 -70 -57 -84 -48 -100 94 2 -46 71 96 54 -66 -83 24 -6 3 -60 85 73 22 32 49 39 -97 38 33 95 -39 -89 83 75 46 68 1 
-64 69 -13 -66 57 29 -41 96 -93 -23 -20 -10 -30 90 17 -64 -83 -35 84 -3 -45 -54 70 -19 -46 -83 -12 -19 -85 93 -28 64 -79 -58 25 80 -59 -72 -9 -78 -88 -12 3 45 -94 -24 -29 96 52 55 -99 -3 29 -3 62 -11 83 -76 -31 -16 -67 25 -8 -31 38 14 -55 -19 -40 96 81 -70 -21 -55 83 88 63 74 -36 75 -46 34 -87 -22 82 27 89 -47 85 40 -94 6 22 31 10 -54 26 96 -29 -95 
23 -88 44 69 -83 -43 -50 -45 48 7 75 -28 11 34 14 -39 -22 -41 76 97 6 -7 91 63 15 -47 19 -52 -81 -66 -99 -95 -18 78 2 -29 -12 31 -21 -20 58 66 20 95 -75 -94 -13 -51 30 62 95 -52 90 -6 65 -91 -28 47 -19 -26 42 -16 77 -81 81 -92 -38 -50 -6 99 -83 -74 -26 -72 -26 40 12 1 81 -13 -53 -94 -60 -40 -59 42 -78 -96 33 60 63 1 -20 66 64 51 -37 61 -24 62 
-82 -2 -90 -14 71 -42 -79 53 -28 98 91 44 75 -82 -36 15 80 -28 92 -88 -48 42 31 -2 -21 29 -46 -35 -63 -48 39 16 36 74 -6 90 10 83 -8 -100 90 -34 -38 19 58 -30 65 67 -60 48 -71 -51 -61 10 -77 99 90 95 -12 11 1 29 -89 -20 -99 -53 2 55 -91 31 -10 -26 -52 97 -28 -34 -68 -60 -28 24 26 -74 -55 -31 -33 9 33 -11 33 89 -74 -67 -2 -82 -36 97 -42 18 75 -90 
69 -17 -60 -70 69 -28 2 62 -56 -62 -2 48 23 -41 46 -29 -38 34 12 51 60 -50 -30 -23 -75 85 77 -8 -20 83 -5 -93 19 2 -22 74 25 -36 -50 65 57 -3 -93 12 48 10 89 11 -80 79 54 77 -61 -40 2 25 39 64 55 -15 8 -16 78 27 26 10 59 82 83 75 48 79 61 26 99 42 6 19 86 86 -49 13 -92 -46 85 44 -36 -92 13 -1 -87 38 69 80 -51 -59 99 89 87 55 
-71 75 -22 -76 -57 -82 24 -39 -23 -51 85 81 -41 58 -17 25 59 4 -99 -20 -28 -7 95 22 -52 -59 49 24 -96 -92 31 -82 78 -78 79 48 -66 -71 -97 8 -37 -25 -43 -1 34 -33 53 -39 -40 57 97 2 -5 -21 -86 84 -12 33 -80 10 18 41 11 -43 97 39 -61 60 -32 41 44 -42 74 -61 -19 -12 -1 72 -5 75 38 -28 49 35 -82 -80 -4 15 -52 -14 15 73 -43 -30 -39 -14 -43 -93 -76 -88 
-60 21 -11 17 -26 68 -21 24 46 92 49 -8 77 81 -85 41 -62 -28 -79 43 -20 92 -25 80 -33 -45 59 27 91 -75 59 47 -12 86 60 -15 37 81 50 -3 -14 45 98 69 -60 100 -6 34 -67 -40 57 -97 50 -80 -12 41 93 -50 -11 42 12 4 -48 -27 -71 87 24 7 -75 -2 -14 -79 -6 19 31 82 64 -10 -5 82 87 64 29 99 30 23 42 -76 -39 34 -26 -19 -86 41 -20 -60 83 81 -86 -10 
30 1 38 10 -49 26 -85 -94 -82 -92 58 72 52 -28 -46 -52 30 -16 14 -63 56 -54 -72 -80 -37 93 79 21 67 73 31 51 -83 -71 -23 53 3 43 9 -88 -88 97 92 13 -62 -90 33 92 26 67 -29 75 -23 -79 58 26 9 -36 97 -91 -58 -7 -74 9 83 -68 -64 61 -18 11 -49 60 -82 -69 -29 25 -40 -97 -89 -80 62 -63 96 -2 76 -34 -25 -66 53 -52 11 -2 20 -62 4 41 99 -82 -39 -93 
49 -2 71 10 -86 -91 58 -2 -21 96 -19 81 -10 58 -28 -67 -69 26 -27 -79 -17 14 70 99 -97 -10 11 19 64 -74 -60 21 55 96 6 89 -71 -78 25 -40 -48 36 2 -77 66 32 20 -72 -56 41 -58 -44 -14 35 -88 86 -58 -33 10 71 -39 -38 12 -31 -53 -84 -54 -98 -80 94 -25 6 46 -29 4 -32 -39 33 -23 41 69 -16 -28 -95 -36 16 -8 -72 42 -68 2 -1 -76 -56 -55 42 -83 2 -75 -61 
2 -19 -27 57 -68 -46 17 58 -26 -92 -10 49 -55 98 -53 46 -75 -81 14 -57 -18 -41 -79 -59 40 75 52 -27 -73 62 -25 -79 1 -83 49 -35 100 -28 32 -17 -77 -60 -44 -29 -78 -48 59 -11 -13 88 29 -35 37 -5 -56 -78 -65 25 -1 -4 -41 92 66 69 -72 -51 -81 -58 -1 68 65 -18 66 57 -73 -71 -83 41 -63 -81 28 25 -91 50 39 96 13 -91 -98 -32 56 54 -34 -7 -43 41 51 41 -26 -76 
-3 96 -55 -35 -97 88 72 -10 32 12 -49 -60 54 80 -6 20 35 -60 21 28 -33 -27 -84 6 53 -78 -93 -27 -51 55 -51 8 -37 -31 28 -19 72 13 2 92 -93 -9 53 -20 59 -53 -25 30 -92 79 52 -91 -88 -65 79 -77 76 -19 40 13 -75 44 43 98 -14 -89 -82 56 98 48 5 75 88 -16 -45 83 -41 50 -26 -28 -26 2 -11 -40 29 59 -20 -93 -12 -57 -72 35 -23 -93 83 -45 49 -32 71 81 
70 43 43 -32 17 49 71 46 70 -11 -82 -88 -84 -65 79 -69 66 -12 98 79 -9 11 -45 -98 -21 47 16 -79 4 2 80 42 23 65 59 -14 89 60 44 -86 -21 -17 -82 27 71 57 -60 -74 -98 -8 -17 -38 60 48 16 18 79 -48 -13 74 -61 29 39 -60 -79 9 57 25 85 -73 58 -21 83 21 36 78 -6 74 27 -5 16 -69 -12 46 -88 54 -5 91 -97 -61 -39 -33 -63 -20 -63 -11 -16 78 22 -55 
-1 53 -54 92 80 -47 -20 83 97 2 -93 -14 18 -85 81 -58 -43 -42 -93 -6 29 88 58 -3 -18 34 93 80 -3 27 72 -21 86 -32 87 37 50 -90 -32 35 -88 -88 -20 10 96 -62 -87 17 -51 9 -53 -22 -90 -100 -94 -51 7 79 91 42 78 -54 -70 37 -98 37 -24 54 40 11 54 28 -17 -82 76 13 30 99 5 -8 -46 -29 72 -51 63 -70 51 -76 -24 14 37 37 -53 67 -13 49 38 -19 -49 98 
9 -36 -44 89 -49 -26 -21 7 -33 2 -43 40 41 -62 -97 -12 -90 -27 -49 23 18 -84 30 38 -87 -37 -8 35 54 5 52 -19 -72 -55 72 -90 -30 34 92 70 9 -71 -63 -12 -64 65 24 -27 -93 39 -91 89 -1 75 8 -73 -50 22 -3 79 -24 1 84 -16 95 -67 62 -24 -64 96 -91 30 -74 -70 -64 48 16 78 -57 -65 2 -33 14 16 -9 -72 27 24 -12 23 -56 0 99 -89 -45 -90 59 35 -21 42 
-18 36 -92 12 37 57 10 32 79 12 -18 10 67 28 80 82 -81 41 35 -86 -74 -74 -72 -81 -4 92 -98 -23 -61 -99 42 -38 -89 -3 -17 29 -25 51 -99 6 11 20 36 -43 28 19 -37 100 -98 81 -19 -47 18 -28 -81 3 68 -89 -20 52 -80 -14 -91 13 31 -40 -77 91 50 81 -63 66 -6 -24 -86 50 26 -9 -85 23 -55 98 88 60 81 -25 29 -38 83 77 84 29 7 88 -44 42 -52 84 33 -28 
55 50 87 97 61 -13 99 -46 -12 -42 80 22 51 -98 49 16 -93 -68 12 1 -37 44 -41 84 -66 -4 -92 -26 -52 -16 91 -97 93 -91 -52 -20 -89 -5 7 29 27 64 47 -41 81 -57 -17 -61 -3 15 84 32 93 -70 68 -77 36 4 -20 -32 -73 41 -40 47 41 58 11 -92 -10 93 -57 41 -96 57 68 4 32 62 40 -35 70 -4 6 73 65 -99 20 -73 17 -21 7 -28 -82 15 -96 80 -87 45 -18 -84 
-17 -69 58 42 -86 -92 21 66 -94 14 82 -89 -99 -38 -64 -1 -85 -21 -70 -9 61 -93 75 -85 16 -86 45 -22 1 -27 15 82 23 61 92 -76 34 -95 12 25 -40 33 66 -71 40 26 47 -88 60 -76 -83 -11 31 -64 76 34 -53 22 39 -11 26 54 -10 76 -15 -74 -32 -15 -45 -50 -62 -33 -84 82 -43 17 -13 2 -95 59 -49 -6 32 1 -20 66 57 -22 80 -34 -74 -38 77 90 -100 64 -67 73 -89 56 
52 -53 -14 -87 -95 59 -18 13 -14 12 -75 -16 9 -88 -79 65 -75 -93 17 70 -68 3 18 64 -87 -12 -84 -79 -30 25 -91 62 50 79 43 -77 96 15 -54 99 -19 -30 -24 -23 98 41 -19 -42 87 76 99 78 -80 -50 -75 -98 -47 48 32 -43 68 97 -65 32 31 79 -64 65 -62 -57 -48 -87 -27 -83 -51 0 18 82 -32 33 -81 82 23 95 33 97 52 42 27 -74 -63 85 -65 100 -37 45 13 29 4 50 
54 -67 -96 -78 91 95 -97 51 91 -86 96 81 -30 84 -66 65 48 -86 25 5 10 41 -46 -68 -51 -87 -45 77 38 68 -29 -77 1 -13 -50 -85 -91 41 -50 -88 -97 54 27 99 -40 -96 -35 12 78 -41 16 -18 44 -33 95 -22 -98 57 -83 -90 -18 14 88 100 3 -66 -55 71 -56 -95 31 -46 79 -29 30 15 -23 60 3 -73 77 -14 0 -63 48 -31 8 -14 65 -81 63 30 12 10 27 95 -17 5 91 -23 
77 -27 24 75 -43 94 -12 16 49 0 15 -61 83 -6 24 61 42 42 -5 -32 100 -47 96 76 -90 -91 20 -14 7 -30 95 -37 -77 -62 -19 -84 -94 -37 -69 -32 8 -87 -28 -54 61 -7 66 4 -31 40 -51 47 -5 -8 37 5 -8 2 20 24 52 61 89 43 82 86 68 6 99 58 52 81 -68 58 14 22 63 -80 60 12 -31 -51 -9 33 86 49 -34 -24 10 2 20 68 49 -10 98 91 26 50 13 64 
-49 -1 66 57 -5 -71 -71 -96 -82 97 32 -14 64 -71 -18 12 -49 56 -97 39 -13 -11 -64 97 -6 41 -85 97 25 -83 5 32 94 -74 76 -37 -61 -36 -82 19 48 -60 9 -37 32 100 -95 -88 -28 -23 85 35 83 78 -96 78 34 -13 -17 -92 -71 28 -59 96 -88 -51 73 87 -10 49 -91 -35 -98 85 -8 18 -29 31 22 75 12 -39 -62 62 85 85 81 -22 -75 9 68 -57 91 -21 -48 -95 -23 83 -30 -40 
-31 -79 -28 95 54 26 -97 -70 -71 71 -48 -82 -86 80 -31 -34 -18 70 71 78 -62 67 71 37 85 55 -98 68 46 75 -86 -28 -56 -92 -72 -21 26 -14 68 30 63 -30 63 1 -28 92 73 53 83 62 66 41 -86 -41 -79 100 88 -53 52 -10 -87 -19 18 -13 34 26 -47 14 80 65 -67 20 -74 -4 -87 70 -5 53 -16 49 95 -1 -79 72 37 5 89 -82 75 -83 34 -49 87 -18 -35 94 -23 14 72 77 
-20 -18 -92 95 24 83 -84 -12 86 -31 41 -70 71 89 83 -2 -19 -95 -84 45 52 39 71 96 -29 -14 -84 -39 2 -55 -42 81 65 -88 60 -11 85 62 -56 -12 85 16 100 82 -85 -25 -46 18 7 -44 37 90 11 49 58 62 65 61 36 26 37 -54 -67 -75 -62 96 -68 70 62 -26 6 65 69 53 -15 -31 22 -75 -34 -1 18 7 -62 -87 -4 -90 -37 81 -8 24 -10 100 92 35 19 61 -18 -18 98 52 
40 21 -93 -45 60 -99 -53 -83 44 85 -58 24 -3 41 -10 -60 91 23 85 52 -58 78 28 23 54 -11 -26 -58 94 60 -16 -62 98 -78 -34 -54 -53 -84 -34 -45 15 -4 49 41 -66 63 4 -61 96 -59 -7 -73 -74 95 98 71 62 -72 -7 -43 80 32 -34 -16 39 8 -76 82 -86 93 -63 17 -49 94 -6 -94 1 16 -75 -30 69 77 -58 78 -90 -81 -20 14 -23 -97 10 -76 -71 -68 44 -32 44 -39 9 46 
-45 1 -62 6 -99 -71 -56 -80 6 87 8 -24 4 73 -60 89 -64 -19 43 -57 74 -71 -32 56 89 86 -56 -30 -48 14 -19 -100 -88 13 32 -64 2 57 10 -22 -64 -50 -7 -64 -38 -4 10 -53 55 93 -89 51 94 1 60 -78 1 74 -36 78 -30 -66 -30 26 -47 -79 65 -25 -67 98 -54 -1 -94 -75 5 -33 43 74 13 95 -91 48 24 -80 43 57 1 -40 96 65 -61 88 10 -99 -58 -61 68 59 -67 40 
55 -65 26 -38 91 67 -57 -60 48 1 19 -37 98 -50 64 37 -77 -92 -77 -49 -86 -48 22 -100 70 30 -13 30 -39 22 -16 -18 -20 -89 43 -53 -69 -78 -30 -46 28 -86 52 37 88 -87 26 15 -29 72 51 92 -89 60 -67 12 46 9 97 55 -7 10 78 43 90 -38 -6 -22 -77 -91 -93 39 -24 -62 -66 -69 -59 53 89 26 15 35 44 33 56 -60 77 58 -59 94 -79 38 -76 -7 -57 -10 59 -59 85 -79 
-54 -45 -62 -17 3 -50 44 -94 -1 6 -31 90 35 87 -40 -62 39 92 24 -47 79 -33 80 -66 -34 -32 -9 88 -72 15 73 58 -71 8 -48 70 51 -49 35 -23 35 -36 100 -88 38 48 22 -3 22 -13 -17 50 -17 -38 56 7 -28 50 68 -58 92 -41 -72 93 87 67 75 -42 -62 16 82 -3 -34 15 -50 -22 -78 85 1 -96 58 -11 -18 66 99 -31 23 16 73 -33 -4 36 -14 -93 57 98 -15 9 -1 61 
55 73 -52 3 -51 53 -34 38 74 8 95 -93 -99 -38 -23 52 -96 -31 37 76 -79 2 -53 -24 -85 51 -70 -54 -30 -87 56 83 -34 -9 -42 -72 84 -66 -1 38 55 95 51 49 -13 -4 85 67 -85 15 1 -33 40 -64 -36 -36 3 10 64 -80 -48 89 5 -18 95 63 12 97 81 74 -57 85 -20 -88 42 3 -32 -26 -18 94 -92 5 -64 -34 -61 52 59 3 87 -18 -50 80 60 -92 -79 53 -5 -96 -85 -43 
-81 35 98 -54 86 89 28 -10 -26 58 5 -74 18 -65 -36 -73 -84 71 22 11 -13 21 83 -68 -21 -85 -49 58 44 49 2 90 -30 74 -54 -3 31 13 42 -4 -85 18 -40 -96 -54 3 82 2 43 50 87 65 -74 44 7 12 -41 -86 -68 65 -78 55 -26 -65 -21 94 -84 -15 -79 7 -29 -42 89 86 89 -84 -68 60 28 58 -88 -86 -98 30 -56 2 -26 -95 23 2 -14 27 92 -97 -70 83 -27 -15 86 -66 
35 95 9 27 -90 32 -32 -24 90 -12 -100 64 31 -20 -27 -26 -14 24 -26 59 91 -48 11 -4 95 92 -16 -57 -93 -2 -49 9 90 77 -44 72 -12 -27 90 68 79 -13 83 61 -57 74 -43 -78 -42 -66 -62 45 93 -83 52 20 -28 -58 -68 -25 46 42 -5 97 74 96 -77 8 -20 -95 -36 77 57 57 -68 18 -57 -13 -28 -99 32 77 74 -92 49 -59 -19 42 -7 -37 45 54 -72 82 87 9 99 56 -73 -95 
100 -62 28 24 -22 -72 9 -91 29 -88 83 -36 -82 73 10 32 48 -78 -22 82 42 -91 50 -85 -72 39 -50 -100 -77 -90 -80 95 -28 12 -17 7 -17 21 -75 39 85 -5 80 -10 39 -41 82 -71 60 -86 -99 86 -31 91 87 -35 30 26 59 62 69 100 91 12 -35 -82 16 55 -2 30 71 96 40 -35 -18 18 -94 80 -21 -21 -12 -26 -28 17 73 2 -29 85 -30 -33 13 77 14 -68 -11 -13 40 9 -66 75 
73 -31 31 -38 99 40 4 -59 -83 85 98 -15 -27 -29 32 82 49 54 27 -70 50 -31 -36 39 -28 67 -57 76 -10 -10 54 82 97 62 4 12 -32 40 49 -72 17 68 -98 -39 -73 76 43 -22 63 91 -71 74 89 31 97 -19 49 65 -55 -87 -67 13 92 22 58 4 64 39 -35 56 -15 5 21 39 -19 -28 -9 70 -33 30 30 78 11 14 85 -77 -60 17 19 -72 75 -80 4 99 1 -97 -34 -79 43 41 
-11 -75 51 47 30 89 62 92 8 -63 -32 -88 -34 27 95 -14 30 11 -40 51 -27 28 24 -21 91 78 -18 -77 3 53 43 36 35 96 -95 -91 62 -45 44 36 57 -86 46 65 -5 -42 -3 -35 49 -68 97 67 42 42 14 -77 -63 -81 -76 48 -62 -5 31 93 37 -3 -48 -55 -72 -17 87 -89 100 -4 -6 24 -52 -35 34 75 -51 -12 69 4 -62 -24 44 -27 78 -57 -95 82 84 20 -76 -78 13 90 -65 -16 
-64 96 54 -87 52 -24 14 -85 86 93 25 -58 -30 93 -91 -82 -50 -53 -8 100 -62 -94 -95 62 -39 65 84 88 -50 40 -35 41 -95 -16 28 16 8 -62 4 -96 -18 39 92 -79 -94 10 -24 3 -60 55 -100 -22 -95 -14 -25 50 13 12 -87 93 28 -13 -39 -67 -90 50 49 -43 -13 68 -73 -70 -35 17 -24 -28 71 -27 -16 -74 -48 68 70 97 27 98 100 -89 45 -12 46 83 20 -9 80 -3 -50 65 -31 -93 
8 -86 -80 -11 -3 -47 -88 13 -10 -13 67 -74 -8 -11 -51 -94 69 -8 45 -35 28 -94 -39 55 96 -74 -99 -38 8 62 96 9 0 82 -52 54 43 12 11 -67 51 46 76 -48 0 95 73 -73 88 70 66 72 -46 20 63 -28 -90 13 -47 -9 56 60 -84 14 2 63 -84 12 84 -15 -57 -10 -18 14 -69 -87 -86 73 -47 -4 -23 -38 52 3 -72 92 92 -55 57 65 55 -17 -89 52 -36 80 -27 87 9 -66 
32 23 -51 12 58 38 -5 15 -34 85 86 56 -84 -64 10 87 17 -7 -63 -96 13 71 100 -58 -55 84 -68 50 1 -36 -93 -56 49 32 -29 -75 8 -82 98 69 -53 6 -63 -51 62 -75 40 -44 20 72 45 8 78 -48 89 -71 20 66 45 13 -62 -65 19 -70 -95 31 6 -58 34 45 -96 10 17 84 -71 -46 21 -9 -35 95 68 -94 -52 -34 -62 95 -45 -38 61 -59 36 46 -14 66 -69 86 36 17 87 56 
-39 -79 13 -71 -78 -88 26 -80 -1 -47 54 28 47 50 52 -31 -77 -37 -38 63 -4 -61 -44 -85 -66 0 -54 -34 73 55 6 -100 86 -18 18 -7 21 92 -80 97 63 27 -42 41 -82 25 -67 -19 -69 -33 -28 -2 78 -2 -66 75 -6 14 46 -31 59 90 72 25 -12 -22 40 97 -20 9 28 95 63 27 -41 -72 -53 96 93 33 -17 -88 20 -93 94 32 52 -90 -19 -10 29 0 8 65 -69 64 -55 -29 -85 -13 
-18 -74 -37 -58 59 -76 0 -22 1 31 2 37 41 63 26 74 -41 34 -92 -57 17 23 -40 68 55 -60 21 -49 69 -85 45 98 -15 16 17 18 87 63 28 -7 -32 -87 -9 76 6 -24 -86 -3 35 -18 -46 -47 95 11 36 -87 50 -47 62 -87 -89 42 -38 -4 -13 -94 -53 21 9 -92 -81 -61 27 36 43 -50 70 14 -67 -100 69 -85 1 -7 12 -27 -5 -55 93 -85 59 18 5 -46 29 -20 -1 -88 -2 -43 
2 93 100 -91 19 22 13 -97 33 97 84 -32 -35 -45 97 77 -28 40 89 36 -29 24 24 -26 62 11 -23 -50 20 39 -95 -98 -97 -71 -25 -94 -74 -97 90 -77 -52 -80 -26 -90 33 -81 88 -93 -29 95 42 86 63 27 -82 -65 5 -95 -61 41 -12 9 5 -6 93 24 23 -48 88 -26 -98 -41 -99 -3 81 97 96 18 -3 -66 57 -81 -89 -42 -6 71 59 -39 98 -94 -48 -76 -4 -2 39 52 87 -52 -39 -40 
30 -15 -16 86 21 71 -28 -57 64 -27 69 -40 -67 -22 -74 86 -42 36 28 -63 -19 -17 5 4 52 -43 -30 100 -87 -33 25 98 -61 9 -52 -33 93 43 29 -86 -31 -78 -51 62 0 57 88 -50 -36 10 43 16 -6 77 -89 -95 67 -25 60 -82 14 41 56 -1 39 13 -52 -1 -26 -23 -17 87 82 -10 32 -42 -76 -68 33 -22 -76 62 -30 -94 40 91 -98 94 10 57 72 -42 -20 -18 60 -77 -50 -79 15 -41 
22 -89 -54 -19 -64 -60 13 -6 3 62 -75 -35 -33 -78 -3 -45 -37 73 73 -57 33 31 -7 -44 -84 -82 63 -20 -81 66 -3 -91 53 22 -94 -15 97 17 -61 -100 14 57 25 72 98 92 55 40 32 -31 -34 18 -45 -75 61 -76 -85 7 -98 5 7 -40 57 -50 58 -83 -22 -65 27 88 -68 -53 -10 79 -8 -69 -30 83 74 -95 65 87 -35 -23 -51 56 -1 -40 72 -56 75 16 92 51 9 -99 49 -99 -48 92 
-50 28 -36 -57 80 53 -53 -28 -7 2 -75 75 75 53 92 -74 70 28 47 7 -66 -44 71 4 -16 -20 56 -16 -82 -26 92 -67 34 -48 -83 -75 21 -23 80 -74 -1 21 91 91 66 91 -12 31 9 88 -58 -76 75 -54 23 38 57 -77 98 -65 -24 -80 27 -82 81 -51 -31 63 -55 91 -83 -29 -59 21 25 -10 -86 -87 86 -28 -35 97 -71 12 -56 -50 71 -43 -5 2 -40 -82 -67 4 -100 -76 -55 -98 54 34 
-1 -84 -13 82 21 38 48 -50 -100 -18 65 -34 97 -94 44 -87 -89 60 -35 22 -66 -99 -47 99 96 46 92 47 4 85 -87 -82 16 -10 29 -95 91 -46 -8 -87 13 17 83 91 56 -13 17 0 67 -53 6 -5 46 61 -53 -27 40 50 4 28 -28 -39 -22 72 32 -91 -1 -60 -14 -61 27 -69 98 62 66 -57 -77 -21 11 -48 47 -83 5 -50 38 28 -93 79 15 -22 -12 -86 -17 -36 50 60 -30 97 -3 23 
-14 -36 8 67 26 -91 44 -9 39 26 -43 50 66 98 -72 -70 -52 31 91 -1 -96 -19 59 -82 -77 -37 -78 72 21 57 89 -55 90 -49 -46 -64 21 76 -81 -70 13 6 -64 1 -4 50 36 -63 -30 -58 -74 34 79 79 54 77 -79 17 -68 32 -3 100 88 -7 -25 -52 -43 51 -7 -10 36 96 43 3 -82 -100 26 -42 -36 -79 -2 -63 100 -71 -9 35 50 -79 -16 -13 -61 95 -94 59 -65 47 -97 73 -72 -33 
-37 -82 5 49 -13 -53 12 -38 12 42 -91 -12 37 63 84 78 43 52 44 -9 61 -17 29 -90 -32 73 -39 -7 24 -39 51 9 19 14 70 13 -38 7 -55 -3 -62 -8 25 -79 -72 -62 43 -14 75 93 -44 57 23 -85 92 4 -81 -52 -68 57 4 -17 -54 66 -17 -7 59 75 70 -72 -44 -25 49 64 30 57 17 50 -92 -36 -46 -73 0 -90 -77 76 -69 -81 -42 -56 -21 -30 32 -48 18 -74 -20 -6 -32 22 
84 77 84 -51 -84 90 51 15 64 80 -4 83 -31 84 -37 47 78 -74 -1 -84 -49 95 71 -52 -94 11 -18 -29 -56 39 -66 30 14 29 -37 -24 86 -73 -14 -32 42 -78 -88 -14 17 -29 -29 -13 -13 91 53 100 -57 96 -18 -53 -55 18 -39 -16 -1 91 -60 -58 84 64 13 31 71 0 -16 -80 -50 -100 -31 94 -59 -31 4 -3 -96 -81 -4 -29 -98 3 -90 38 45 -89 -68 9 -56 -94 -58 86 90 -92 -100 -28 
81 29 95 -3 -84 71 71 -55 -57 -44 -40 73 -68 -52 -1 39 64 -5 90 72 -97 95 61 -93 76 -18 -7 90 85 -72 -43 -3 34 80 71 37 82 -23 -44 9 28 78 1 -43 42 38 69 -68 72 -43 -76 -92 -13 -1 14 -16 -55 -57 46 12 -49 38 20 -45 -69 16 100 13 -82 17 37 -39 17 -90 -74 71 -15 -99 -72 -30 9 -5 -95 -66 -29 -89 -22 10 -60 85 40 -7 41 12 -86 -47 -12 -54 50 33 
-95 85 47 -67 -60 1 -50 73 16 -66 -2 -73 -62 89 -47 -36 90 37 46 -61 -56 23 8 -17 -29 92 -7 35 -83 -89 -2 22 35 60 -51 39 -56 -8 -91 58 -27 55 -67 -26 -70 -53 -33 -40 -79 -72 -70 83 21 -14 -56 -99 -98 86 17 -59 39 86 23 -20 -53 -85 -45 -84 80 75 -45 -65 -19 -5 90 90 -88 -62 -36 3 21 -95 -41 8 88 -51 -62 43 -43 12 -15 62 16 71 23 80 53 -89 7 -39 
4 62 -23 -2 -83 -13 -16 -35 -73 -39 75 -75 21 -77 -30 57 -4 -37 25 55 -87 74 96 -41 12 20 39 -16 97 -51 -4 49 93 43 -4 -48 36 35 93 57 -75 -55 84 -2 -92 -86 -70 -97 90 -71 -52 -60 -31 -43 -91 83 -14 -78 -67 -91 -21 100 -20 -99 -20 65 9 49 42 80 -11 42 -1 89 -54 -100 65 42 -91 -72 33 27 46 32 49 43 -72 -60 48 -17 95 96 84 3 53 88 41 -70 3 51 
-19 19 -62 -18 -59 36 94 -68 -36 -32 35 -26 -85 -73 14 71 8 -18 61 70 39 28 78 -10 -24 -92 54 -48 -87 -88 23 64 28 21 -10 -76 13 -52 3 -50 91 -26 -72 41 -48 86 97 -6 96 -9 19 4 -76 -30 58 -98 -47 -70 73 69 -81 -22 -70 -27 -53 -77 -55 9 16 -43 7 -53 -2 -74 -2 -41 28 94 19 18 86 -82 -65 31 89 77 -22 73 45 39 -34 -48 -36 79 -49 16 -27 8 -54 -58 
52 11 -46 -38 29 100 -14 75 5 12 49 -68 69 -59 11 -5 -54 -22 68 -56 -77 -93 73 -86 -30 59 85 -44 -61 43 15 90 35 -37 -88 -49 -91 -42 -56 -94 -66 -94 40 86 30 60 -62 -38 -28 -63 68 91 -16 -85 -6 70 -72 15 23 46 70 -23 -32 22 43 69 -58 -53 41 -15 -51 49 -89 76 -5 40 23 -76 15 -61 -7 20 -38 -70 -35 58 53 99 -92 -9 -73 -10 15 30 42 -28 -10 83 0 -31 
60 -19 63 -81 45 61 13 82 94 80 25 39 -75 -92 -66 -47 -28 31 -65 -78 81 -80 -93 40 59 -6 -28 -67 -2 -32 -50 15 54 -89 -78 -56 59 73 -87 -98 15 -73 35 76 -5 -95 -75 -29 -51 -80 93 -41 74 10 -46 66 -68 72 45 97 22 -47 -29 -60 -54 -91 65 -83 73 10 -64 -14 -99 -51 -57 28 45 29 88 22 44 65 85 46 -25 0 -74 50 5 -19 17 -94 -49 1 -48 95 -10 -38 15 -53 
-29 -3 -75 -74 34 -31 57 -97 -100 9 71 51 -50 51 -33 65 72 69 -83 34 -24 16 74 -58 82 89 28 -5 33 91 67 17 11 -60 -11 -91 -42 36 -36 68 -80 74 53 -57 -88 94 73 -6 52 -69 -94 -32 10 -53 -14 27 12 20 54 -38 -52 -95 96 -2 -56 -75 58 9 -64 52 33 63 34 -99 57 92 -4 39 74 -94 68 52 -61 -8 -8 1 55 -85 4 73 -89 -11 -4 -60 89 55 -8 -33 4 -25 
99 -61 92 100 56 9 72 53 -85 -87 -63 1 -64 -51 52 -96 54 86 -84 26 83 -81 12 -83 -62 4 -89 -15 -12 -66 -41 91 -59 61 86 -12 -55 -43 72 -32 -17 -61 24 79 -14 34 14 -43 -91 97 -58 -67 10 46 94 -75 -52 -93 -54 -60 1 70 32 -80 -89 -85 46 11 42 -92 -82 44 1 -50 -18 -100 -3 70 -52 91 89 -71 -83 -85 -58 -52 98 27 69 61 -69 74 -76 -93 72 100 -13 -55 -60 -4 
87 22 71 65 98 43 -72 -97 18 -10 -26 -31 94 79 17 54 4 13 -49 69 15 -73 90 87 78 50 55 66 -59 12 95 47 7 -34 89 49 19 48 -96 13 -49 -5 -65 84 46 -26 47 29 -49 14 -9 59 -57 -7 -78 -89 -6 1 -33 -72 48 40 -23 98 9 -14 20 -39 -92 49 -25 97 -52 43 17 -16 -92 15 -48 -92 32 14 -55 -33 4 95 -37 32 16 -33 -50 -78 -11 32 -4 -11 -21 39 -52 46 
78 54 -48 -32 82 1 -99 -52 -44 9 58 -32 -96 6 17 55 94 -1 33 45 -51 -66 26 -19 -17 44 1 -1 14 31 75 -82 0 -86 -31 70 96 17 61 90 -82 53 30 -11 -20 15 69 -20 31 58 16 -36 63 83 -13 12 22 19 -35 -37 -32 86 83 -45 -45 -71 33 -55 -71 -15 -52 -72 -10 30 58 -44 -52 52 9 -29 89 75 -15 -26 -25 88 49 -62 88 -97 -33 -10 -75 -74 -72 -19 -21 96 47 1 
74 -22 -72 -37 -39 -11 -86 -5 -35 31 3 41 -41 63 -52 -90 88 -22 42 -72 82 -47 -24 -65 -8 -1 58 4 76 0 -53 -70 0 1 70 -57 76 -75 -69 75 51 -95 -59 -31 90 39 49 -15 -56 3 34 56 25 40 -86 54 7 21 -91 66 33 57 67 20 -93 43 16 -3 -70 53 -67 16 50 1 -40 98 55 47 -22 50 -30 -29 17 32 3 -85 37 -90 42 67 72 -58 31 54 55 -12 52 -74 46 -16 
13 69 -43 40 -26 -40 80 11 -8 41 58 -70 -1 -63 -7 65 -19 -61 -1 70 -91 -8 55 -73 -100 -13 33 -79 -85 -30 -1 33 -62 81 -58 -78 67 -72 -42 76 -9 -52 -69 -86 47 -90 56 17 83 96 -65 87 -82 -53 89 55 -60 77 -84 -98 48 2 -85 -52 84 93 -8 53 95 2 51 -70 -24 -71 -58 72 12 -97 -30 -49 58 9 83 -5 -37 64 -64 20 -28 48 -13 72 50 29 -34 58 -27 -91 83 -56 
-80 -72 -61 -43 -36 -25 -41 86 74 -65 -39 18 62 -74 -57 -62 -47 26 17 -51 83 8 6 -39 -6 -12 60 -97 22 -68 -15 -31 6 -77 79 63 98 66 31 -67 -55 43 65 40 36 84 -65 17 -11 -62 33 -51 -59 -45 18 -55 7 10 -49 -33 -24 -89 20 71 -41 73 -69 -19 -78 -69 34 -81 -93 1 90 -79 -32 -96 54 -51 20 -23 -15 -28 -68 96 47 86 1 85 34 -35 -49 62 -77 -79 31 -92 85 27 
-87 98 -62 -71 68 20 -57 -30 -86 19 25 -68 35 -43 68 -5 62 21 35 47 48 -56 62 18 69 70 -87 34 73 -60 45 72 -86 -41 98 -5 -74 -56 72 0 59 -10 -79 -61 -69 31 -51 70 35 -14 -85 63 -66 17 -79 -61 71 62 85 -37 -3 43 -78 -2 -20 -37 19 96 87 -68 -12 92 -7 -94 44 36 -14 -30 17 64 -72 -76 -29 79 -10 53 -94 -23 52 -18 86 46 -95 27 19 48 47 -98 19 48 
-54 40 -59 -1 45 -45 -29 62 -49 97 -88 41 22 -100 25 64 -11 80 80 29 15 38 -99 76 -44 -56 27 -20 -4 -27 -22 90 87 -42 -28 53 82 49 12 57 -12 -48 -53 -16 -14 -67 34 41 -10 86 -78 45 48 71 30 31 -88 -86 -43 -8 30 -7 -87 59 78 72 49 -1 43 93 -87 -73 -99 76 62 76 62 -34 -92 -22 -70 87 12 95 -76 3 77 -30 19 -11 -49 41 75 -100 22 -48 100 12 -4 -84 
-9 -14 66 4 -51 -43 19 -85 90 50 0 94 33 27 -21 -60 29 82 -88 100 44 -29 -10 11 -95 -21 94 -35 -30 -85 -26 -36 -42 -92 82 -58 20 84 9 13 -87 39 2 -64 -48 18 51 80 45 86 88 40 14 -13 26 69 55 71 6 90 1 100 15 -30 -3 -89 47 61 53 -51 80 -63 -64 -66 -23 -33 -78 -93 -52 -23 70 92 -80 -44 14 -44 -29 -18 42 -31 -84 -91 80 29 73 -69 13 -13 62 47 
33 -59 25 88 29 53 57 -85 96 57 30 38 -96 -43 86 16 -76 -84 31 -7 -90 40 99 57 -51 -20 87 -98 31 44 69 -77 10 84 27 -39 -99 -54 78 7 -75 76 -36 -12 -61 25 -59 -22 85 -90 -13 -74 86 24 -49 -58 35 -5 -1 14 16 32 99 -79 15 53 3 27 -2 93 -62 68 53 -10 -41 -4 74 7 65 54 72 64 -78 56 10 56 11 -71 41 54 -48 -75 68 31 -49 99 -54 -20 40 -11 
59 89 -91 -4 83 -67 -93 -44 -69 -79 10 -87 -57 -70 -44 -33 -4 76 -49 66 -85 -23 -65 -73 -72 75 4 97 -59 -19 67 -81 -97 35 -10 40 -80 -53 0 58 -97 -84 -22 51 -38 -69 61 -18 28 -83 93 31 -27 -13 -32 -4 0 80 23 98 -9 85 29 -26 -32 -77 23 -44 -78 40 -75 45 -49 -60 -24 -51 -62 -29 38 67 -46 52 89 51 26 -53 91 26 85 -33 0 -35 -89 20 96 -58 82 20 -23 -54 
-97 85 81 -3 -88 9 -44 -29 -52 3 -37 -83 -59 93 24 -53 1 -53 24 -72 19 64 -20 -18 75 47 -22 -59 -6 -59 71 97 83 47 51 22 -71 -93 -98 88 -75 22 3 92 60 96 71 19 -22 39 -57 50 12 -64 -73 -56 56 79 78 31 34 -64 39 65 -82 -49 95 -39 -4 -40 54 41 -94 -67 -6 -48 19 -99 -15 11 18 -40 -41 53 -37 -49 60 14 20 83 38 89 27 -18 75 -64 -92 95 -84 -96 
43 11 71 5 44 3 -56 68 100 -19 -97 -94 96 50 18 -5 56 85 42 -25 98 -66 -43 -41 -77 17 -40 67 98 49 74 91 64 79 77 51 -23 30 -83 -32 25 -15 -67 -16 91 -50 66 25 23 71 99 81 15 100 -48 16 -86 45 -58 -11 51 -37 -94 -13 -55 99 -77 -75 7 44 -78 89 -34 55 67 -8 -60 32 -32 -60 15 -44 91 79 34 -93 -99 6 -92 37 -10 -16 46 -42 -57 78 -92 -58 92 57 
4 25 -56 -94 54 40 -2 -2 80 -68 8 31 -16 -67 -83 -52 93 -36 79 -13 -87 -59 31 -41 96 48 4 19 81 44 84 15 -4 6 -84 46 -13 -54 -73 -3 30 28 -71 -14 93 -39 -97 97 26 -35 50 24 86 81 -59 13 -81 12 -85 37 80 -30 64 11 -4 -9 50 83 -49 -20 -81 2 4 -18 49 25 -47 -68 -63 97 75 -70 50 8 77 27 -52 -60 82 79 16 -3 87 -75 -1 37 87 -38 -39 -99 
-44 -27 -7 34 -30 38 -95 -92 20 72 46 62 -82 22 -23 -83 -6 -58 -32 33 100 -43 -25 39 35 31 77 -72 47 -78 29 93 -72 25 59 51 -74 -89 -85 -27 -100 -30 -50 -6 86 -3 -32 -86 -3 -61 25 44 -96 7 68 43 85 90 98 64 81 -36 -50 -97 81 -29 79 -49 25 -94 -20 97 -10 -19 39 -96 71 84 -53 11 -20 -41 78 -94 -97 90 -64 -20 26 -1 -50 -27 38 -74 32 -60 50 73 54 -5 
-77 -57 -64 -11 -83 -49 98 -67 42 29 19 -17 44 9 -51 68 84 -52 56 3 -39 52 31 -46 -10 92 67 49 -79 -14 5 -73 96 -23 -19 -55 39 -16 88 16 63 99 -33 -24 27 -40 52 -67 -52 98 75 28 11 -41 -52 58 -79 -77 -84 20 -96 3 13 35 70 -82 2 12 29 -59 100 -93 6 21 42 10 62 59 -25 50 2 -63 -56 100 46 -55 98 100 17 65 48 -93 96 58 91 28 -65 -45 -6 -17 
-28 52 -79 -59 31 -58 -49 43 -62 91 -100 -33 -42 41 -89 -63 77 -84 84 92 -25 7 98 -32 3 -48 -86 75 52 93 26 17 58 66 -68 -14 -1 27 -45 -65 -82 76 3 -39 -12 45 95 92 -12 -15 80 47 55 100 -44 13 37 38 -11 -23 59 56 17 70 -77 -14 97 -26 -10 2 10 41 -48 -69 -80 -41 -28 -87 -1 19 -83 -77 -62 -93 -17 -40 -46 -45 34 49 -55 -63 -78 30 99 6 -42 -69 -38 0 
-12 -97 -13 -27 4 -47 -13 79 44 76 96 21 -93 51 -53 -1 95 -89 0 89 -17 -27 25 -86 -47 100 65 -13 52 -19 90 85 87 24 -28 -100 -14 -36 -49 85 -57 78 55 41 13 37 -16 26 19 -87 88 48 -69 -96 41 -78 -45 -15 -31 -93 87 11 89 -96 -51 9 23 -64 -23 20 62 -92 -65 -3 57 48 -23 41 -21 55 62 -53 99 -1 -32 -64 -94 -2 -5 -34 25 -2 57 -24 -51 -73 12 -75 27 17 
64 78 89 -43 -33 98 89 -97 28 -63 0 91 -91 36 24 13 44 -42 24 4 66 -73 -56 58 31 -68 -14 60 89 44 20 -46 72 25 -71 -9 12 -85 48 96 52 53 87 70 23 60 40 88 16 96 -89 -9 83 78 81 60 -7 -63 -10 -17 -27 17 -42 51 66 -98 -60 -71 84 53 6 6 97 37 33 -5 -30 -26 -66 -29 82 -39 21 -30 -5 5 43 -89 -24 -88 -31 -68 -1 87 -39 94 -31 6 50 13 
39 1 -41 -51 20 73 -14 42 -96 -8 -20 -76 -98 -10 1 -86 -80 8 -83 -13 51 33 88 4 -81 38 -99 85 55 6 -100 -4 33 -25 47 -79 81 -22 -20 -81 -53 30 -42 39 98 -58 13 -31 93 -84 70 15 -90 74 64 97 -87 -3 -39 -38 40 24 18 48 -91 70 -61 90 -65 -70 -83 18 58 -55 -3 85 14 -34 -62 -23 -17 -42 50 59 -51 -47 -20 34 16 68 -43 -24 -33 -75 -93 32 -33 -44 45 66 
0 -66 -13 -83 97 -73 1 -36 81 55 -46 -98 5 88 -46 97 -62 72 7 -67 -79 45 18 49 94 24 18 -68 26 96 -73 -70 5 19 11 30 -6 67 -100 52 90 71 69 20 26 8 -12 71 82 96 -57 -75 -99 -81 -34 70 -47 -58 -85 -10 65 -34 4 -35 -81 5 -61 72 -11 82 -66 -6 94 28 21 69 93 14 52 -79 66 -61 28 -100 -45 -80 54 4 47 7 -43 7 -85 31 39 -39 77 -31 37 -80 
-32 16 -7 77 91 72 39 -28 -37 76 -71 -9 82 63 -30 -58 -41 -52 65 -60 -10 -2 -14 -53 -44 -76 49 60 -76 9 90 -68 -96 -62 62 62 35 81 2 97 86 42 -20 43 -6 21 -94 76 53 -23 10 -100 60 -24 -17 11 29 -20 -38 -4 4 76 99 -15 30 57 46 -29 -18 18 74 -15 -90 -80 92 52 63 68 27 -78 100 -8 50 -79 35 7 -42 71 -44 76 -84 47 12 98 -94 33 -39 -97 99 8 
-60 -77 81 -50 -39 23 98 -11 -100 -79 -31 -19 -65 -38 34 69 48 -53 -16 -10 -23 46 -21 -31 -10 57 -50 41 -98 28 -74 -59 -89 7 -52 0 18 -94 81 -11 -2 -73 55 -26 21 -47 30 -30 -53 -91 -96 -88 6 75 -43 93 64 75 -27 59 72 -33 -4 92 54 84 97 -89 68 -41 22 -59 40 -70 -91 -83 -34 48 12 80 46 -31 23 -33 16 28 -46 -70 -14 -81 -88 -46 13 88 -18 -55 21 48 -75 -56 
-52 68 -91 10 46 -30 -43 -56 -42 -5 -65 -88 -46 61 -88 -89 46 21 88 -95 -29 -10 27 41 -88 -99 -65 81 94 -64 -26 -45 -37 91 9 84 26 -56 1 24 23 72 99 -27 53 29 -95 -50 4 -22 -89 -61 66 -90 -43 -70 7 -44 -44 2 -61 47 36 88 -11 46 81 21 -11 -16 -37 46 -96 -20 -29 -74 -29 58 86 -64 84 75 79 56 63 13 4 -3 99 -9 21 -76 -41 73 11 -10 -72 -69 -98 -50 
76 88 45 -77 -22 96 11 32 -68 12 -37 89 11 43 -87 16 -94 -100 36 30 -41 -58 -63 42 -2 8 -61 70 -31 98 22 -90 78 -6 -84 -84 90 -90 -79 -60 9 -67 -64 72 73 -70 -93 -17 81 73 -78 -29 -95 76 -46 -39 9 4 66 41 -58 59 -78 80 41 46 87 -42 -70 40 -80 -35 50 -24 0 -78 -1 -99 -80 13 -64 5 -94 -84 -28 -42 -73 12 64 7 33 -70 8 96 86 91 50 -36 -18 26 