100 100
-48788 -79912 -9748 72456 37085 -53817 11813 94968 -5132 8869 35518 -15899 790 -9423 27740 2031 -13630 -67482 -17450 -96219 -45450 -64283 -17568 -26635 28966 -25149 -26603 35453 -46632 24183 -28593 -99799 8287 -5085 60422 92865 49147 -21979 46794 -27020 13223 -18167 36865 -97906 -96402 -80993 33825 67151 11964 89790 -22958 18200 -478 -23566 10042 5818 36873 77586 -37180 -49822 23883 -43126 -14816 1055 -69628 -42812 51538 -27840 2097 -2297 18274 -48762 -25255 -55957 17348 -46134 26676 1875 -91147 -12956 61893 -7634 8787 10206 12858 1372 38492 -71311 67405 124674 10048 64168 84033 70078 -29149 11158 23334 -53507 8001 56203 
-16391 41518 32200 6130 -52964 -30824 5935 72589 -12909 -27959 4668 37892 2792 54530 -90743 39895 -8961 -66373 40491 -70837 15897 6695 4710 -50823 40005 -5988 -36108 2439 48886 76246 18963 1677 -6783 71730 -31275 26688 33803 106267 20322 111384 -77516 -38548 -2240 -11963 12334 115459 25159 50588 -93718 -12964 77108 -132290 -12071 -52259 20360 -33987 -9758 -17443 -24278 -17054 16776 2843 7816 41964 -1435 51670 -28730 -36205 45779 34285 53289 39453 -17994 -6116 -6839 -51636 26048 -18959 8165 12071 -3242 -3018 54876 11191 -51237 56070 1224 36063 72399 48809 6815 -25436 14429 -2503 -25780 2199 13067 77057 57946 71932 
-21579 -4949 68859 2174 37452 45650 114225 46480 -58109 6186 -215 29333 20937 -34728 -12346 28837 -31426 49107 -70905 -51931 50564 47369 61331 -17612 16244 38721 82612 -48085 12871 -6193 12802 33945 -40845 47795 -2092 -28142 -73145 36291 50460 5624 69566 69755 30639 -66011 -132499 12529 -130579 -21847 13430 22616 -110099 -2905 300 3253 -23100 -17100 45370 -40996 96644 -22935 105808 -86776 -11320 -90666 -57908 49663 -4755 -3330 85632 -32874 -22659 18274 -9419 28853 15582 11429 10953 -60639 -26272 5201 -66820 -82487 -29922 8833 75119 -79472 -53404 17407 -112855 -86552 9878 10245 16724 -73470 29118 75510 7140 -69217 84500 -85804 
96410 -19589 -11099 -46251 -75090 -1751 55098 -29069 -27998 -49018 18190 -42690 -24516 58897 -2583 43017 128670 -7211 78708 -111903 25283 -32834 -71749 1937 -65932 18759 -55234 -43803 -59380 -46381 -41366 -40841 14674 -31530 -26706 55532 39634 -15691 66105 -26543 -63060 -13419 -1889 -58059 -46829 34284 26791 9757 -18531 -3928 53713 7979 -58557 -74681 -32711 26411 -30111 -11118 -85300 18140 47135 7256 16984 -55440 62121 -2409 -24172 96508 -12506 41990 -44837 9918 74936 -42513 -27676 109502 34145 -24021 54756 -72054 -53444 62611 18269 23577 -26929 66475 -53722 -65033 -36738 -5287 13536 21498 -19439 -60680 8545 -14095 -74687 -20764 -40526 -14364 
6961 -59533 -105571 -22839 -26879 -20491 58093 -22098 -38322 -62404 37550 -22202 -4876 -67954 64812 59560 -62994 25059 -8977 -6120 -4939 29659 48775 -875 -76733 82543 39458 16879 2533 34571 12671 -21220 33442 -45242 -41654 -4676 -3726 -23956 -21256 35612 -15471 -27933 37310 19855 -11840 18075 10501 14835 56458 -29824 -26503 7885 -34520 -52361 31700 -57194 769 -98394 49032 6866 65211 -10499 90321 23938 -2787 2415 82834 18405 -52074 -14674 39437 50696 47966 -18301 25939 43338 45767 40612 18352 51598 42322 10112 -31370 -49226 -66846 14906 11475 64616 -4865 -33561 -74407 -16781 29040 -16809 -25773 147974 -58353 -54345 -45016 -18492 
6431 64124 35445 -11556 -93295 77967 -6823 30915 2897 68886 -13774 66511 -40087 -86055 -13453 -5871 -6238 14224 21168 -14708 107998 -86225 2353 101151 -44910 -18417 -71442 61274 68138 3398 28757 947 -39712 -33771 71296 87414 -24370 45109 -911 14047 52144 -79450 21634 43316 -72611 -47019 -44172 14314 18611 5719 85432 -51751 71145 -165799 138064 15575 -19366 71802 -68483 61747 33936 36089 39387 -35287 4348 -10756 37 -5421 71640 -31569 45503 -50231 -33493 -93945 36490 53855 -8834 14598 -24117 43192 95627 21189 -603 17237 -42356 -76763 56112 54341 133136 81475 78400 48823 14319 -41833 24605 38337 -52706 25870 -8740 -27053 
-15837 21092 81527 -105470 -84317 23267 57240 -5174 33080 3592 2126 50899 -12636 56885 -73694 107555 7919 18524 -12512 -42998 46433 123127 5033 7050 -4921 -34995 16633 52755 -4040 -11461 -7385 -2976 35628 -11587 -27223 9896 -20189 73042 -36236 7074 27800 -91955 62706 50269 -1076 -51960 -10777 -3369 50956 16479 14118 -15721 -15291 34956 75369 38574 74356 39183 47857 -35867 53377 -13789 15516 2656 25154 -33374 -71640 87116 85097 -23436 -78044 -57080 -12395 53569 26766 15363 -39983 33520 -138820 -100276 48109 -37439 -55432 16521 -49176 -27967 15412 31768 13735 57754 2678 2909 16797 -42295 31011 -6421 -36841 41073 62076 -12030 
-41267 60797 12616 -38906 -253 44979 85413 -13809 -67293 -12186 32317 257 -33412 -6321 -74240 6672 1860 -48463 21840 -36814 68212 -27668 19840 44823 -74602 -37949 -19477 56638 41448 -45705 46494 159266 82108 1025 -63650 18997 68002 60805 119579 28245 88427 -15872 31283 35090 -20719 -85444 36953 -119404 2821 27240 -55978 32655 -9566 119849 19046 28294 -9798 41115 -7353 40111 22895 34806 -112522 -69246 -14179 -37989 -62970 -69121 -74563 43613 42763 59369 -53919 60014 -14281 1221 -10731 -61169 -28085 38717 75138 -26944 -44549 -35956 111303 -36536 -45567 -28179 -58944 54356 -71976 -56114 -27110 -35762 -22161 -16172 -2681 -8177 -34006 -1677 
-6666 42246 -8870 50980 -79376 455 -59163 24133 -26785 50372 -21753 -42450 -1374 -52957 -19425 -29713 97627 33451 -83017 -96631 39183 13916 -24392 24482 -2160 -1273 -42464 7027 -59642 -17494 -32746 5529 46240 -32944 79284 26586 1766 20796 24589 88463 -17728 44648 -10572 -25271 -19325 48050 -10003 -18106 37394 -15576 -4631 -27529 72118 -67569 36355 -8666 5967 -4084 -19312 -5593 -3992 83448 65879 -50581 17662 -102504 55198 -5629 -28992 92290 43988 -52531 74601 -16032 -10509 74577 -65838 22879 62682 -20034 41297 30881 85199 64942 -9521 38644 62042 -27709 204 -34677 81428 26671 11904 38265 -9527 71694 9382 -4706 34793 -67890 
-109813 -57396 131907 -25536 -22629 -25595 -12222 -70948 47072 -3666 -7904 -1038 -33281 -22118 10505 60721 72157 74916 56524 -10154 -55792 29545 54424 -10968 4899 23696 90239 -62573 -63223 -60936 77251 -3754 19519 -34553 126890 11053 -58333 -69845 4892 -1180 55220 33255 -40846 39875 -55417 33333 -28568 116524 -19063 -33812 15985 -104188 78136 -8096 -15832 -40554 -15632 27633 30239 11497 -49224 3276 7223 7025 53716 -1151 -47915 6994 -55397 10486 -45550 -21147 93233 49610 -88540 -95828 -8247 1948 -42678 -7036 -72249 117891 22009 12653 -45345 -7515 23273 -2425 -62911 39454 136372 -9878 -61834 -108294 -16497 -3938 -17787 -52324 62827 -18182 
65280 -36024 -29249 -23622 -16517 18518 53338 -81527 -57062 -6629 118 -73093 -140579 49744 -25657 78973 1066 -38631 2141 -4783 -11093 -62682 2950 49763 99738 32934 -9134 -49987 23502 -75893 -27230 -68789 -45319 8663 -133340 -32404 -35374 28814 26490 -70028 -31565 60977 26910 -57257 -3586 -2995 7702 -60142 19459 1696 42162 -20553 -3934 3012 110172 93993 -59019 61796 98140 20656 -34531 11750 -28555 26699 39389 69774 -53466 -18321 75483 -3496 10845 -51445 -80352 -82348 -42257 47787 -44799 30129 -106624 38309 1291 -84823 -54103 -72072 -40338 -12109 -40579 1426 -5006 -52720 -61234 26801 -16315 -5277 18740 -66028 -84809 23907 29187 8719 
953 1091 49566 42865 37850 9275 53250 -11568 12804 -33443 19193 -13632 86699 51281 11144 76596 59245 -21040 -54001 62584 95085 129 -17327 28401 37741 -10203 -7699 31439 -37666 1018 -46118 51112 -18926 -29441 -45034 -43633 54064 -16860 20634 42803 11141 -134764 41910 -93401 -7487 -5288 -35817 38569 -35606 -10856 38532 -70488 -16682 20612 65530 -8224 26167 -36758 3506 -63373 88312 -39360 -13902 79457 -92990 -14115 7240 -1561 -76700 -15213 -86945 7755 14943 44447 9897 -14930 20134 -41302 -6519 -24201 44501 -6 31808 -18073 29468 -15318 21840 19998 41443 -70126 -88601 -28204 3144 -26814 33848 -71054 -109409 69468 -105216 -5121 
77491 38196 38574 51587 -49333 -44309 -21706 33835 12644 17846 -3839 43118 -6200 76876 20113 -92310 -77743 -72684 -19762 -29822 -17887 7624 -73923 -112126 32547 -51129 -23127 -92270 55158 107314 -57373 60953 82428 -54488 11626 -16225 49257 29791 24025 2411 -12067 -104673 9211 -77263 30562 23825 60033 18331 23665 -92626 32644 -47258 35225 45552 21580 -19142 -9626 108881 -62937 -14672 -34427 45529 325 -4671 -14263 -63363 106755 12177 -5016 10688 -39071 -19028 83202 80579 41383 -72458 -17141 -13835 49293 -81945 81110 37352 -58215 43565 -78602 -47643 25327 -30464 -1312 36050 3587 95238 -40408 22623 22654 -92435 -94082 75445 -17070 9861 
-77869 -11563 71781 -27875 16578 33806 -77618 48631 48277 -70500 -52638 -3736 56517 113856 80259 -26210 25807 60524 7585 -15786 -3007 83436 -64957 27688 3276 -26581 -82847 -56613 -13980 66282 19736 -25689 -3953 21748 11024 35093 64604 17086 -101169 -128460 54024 -32356 -308 2862 56020 23979 9387 15068 60840 50522 12631 27995 -78197 1146 -108306 137803 14243 18022 -70466 1352 46978 3023 -53579 10109 -82199 -76259 55452 49289 -46490 17819 -50442 -59029 -26502 66917 -114877 3060 -16314 -71283 39310 -68767 -29384 44707 -44982 -86197 4804 37674 -52945 -78778 39680 -120726 -22530 -20736 -82966 18652 53344 -44974 55659 2540 -4027 47945 
30214 58789 81264 16161 55049 -29995 -12836 3610 -58859 -114444 29266 -55981 25320 -53013 -22103 30346 -7594 -77160 32944 27560 -69566 -36985 -12621 -11871 -14155 -6669 -3961 24366 -53663 -33670 33457 -94036 75002 -52819 -57246 -26815 5555 -64254 54597 6470 -13755 -51507 14742 69480 20287 -41425 136566 45989 6154 -11637 -50662 83193 -20210 -36228 31319 15111 42431 -52208 -94939 -36673 -37439 38655 -20387 5011 44906 33830 31297 67007 11066 85748 49882 97038 -76758 48395 -62415 18759 9017 54824 56979 -27000 7420 12918 -21026 61524 49391 5391 17979 -694 24028 35053 28497 -56530 30990 -16116 44637 55913 27856 23373 -64487 69081 
-17700 27479 -6115 10410 24232 112 -164176 36006 10854 23052 -6849 10247 38191 -35119 -11964 -29459 75032 -44057 -17840 66223 -18999 -21569 -65219 -47818 57465 -59433 87369 -91643 -34790 60187 56809 30395 -4134 44914 80268 852 7748 -305 64585 -44336 -52429 11454 -9845 31254 43017 34127 24333 78370 -19033 -20940 -25206 -25383 24058 40212 52905 -46686 62758 -46620 17794 43404 -26832 2275 -49734 -41052 -2254 41960 4562 7136 -88600 -3141 11437 78326 77895 -33486 38682 13853 49731 26384 43914 84434 77034 12520 -45713 31618 7392 -5148 -6620 13473 -37132 48750 -23856 -14942 -5321 13445 24870 8612 -31841 -39824 -26392 43993 
93600 53708 79881 -23864 29814 -13851 -59223 -64990 -21328 -24973 -19667 -6865 27409 -42745 10386 -2385 45706 -5719 24317 40185 40243 24431 -26061 -39511 32873 19277 67783 -84260 72948 126264 -14130 30716 -46945 23170 -38162 43890 17059 -38706 -76048 -32721 50752 6659 -54694 -32874 1458 -7579 10439 27231 -60825 66384 74978 15395 -22409 136879 62163 -16958 24655 49075 -21810 38714 -39829 30326 -61311 -79093 -2473 4382 -1614 9239 21230 33766 15183 85531 66995 51179 -62824 -27564 -12980 29376 -46141 -6630 -32890 8973 -18895 35738 52039 32440 35292 6191 57596 -37478 53056 31307 -49938 28996 31092 87135 -38144 -2592 -10080 -39436 
97327 30065 18366 82441 -41364 -1204 101076 -29974 -47216 -39791 6132 46561 -11961 23834 -730 51922 -34884 -19101 -31625 8899 -13329 -9771 13110 1253 -85456 71419 86274 45587 -56369 -99255 105769 63816 2977 9836 -76879 -19950 -63187 -37323 -14125 -14369 -51731 -1721 5665 -10477 -34954 -89501 -15542 -52814 44658 15741 -58901 117106 -41009 116254 -85396 -9705 175034 -67964 -8853 48222 -15144 -62040 -55960 -20625 -11096 19491 -77117 820 19009 -32826 15693 18293 -61249 30569 24407 -73971 -22887 -6457 22497 -34025 32545 -64445 -68008 39372 -55737 -72471 69539 27508 -20464 -13644 -14034 -85914 -82771 -52571 -24200 14981 -51488 91413 -119415 3300 
21209 -86197 5 -93504 -23605 -77799 5907 -4138 71765 27545 -58361 21558 15742 32075 1760 36378 -14647 30668 73381 -61844 -6465 -72721 33295 -7692 -15766 5926 -19825 -71536 33940 26036 -6511 -2817 31252 -16398 -36795 -31619 -13437 -57461 -81975 -40319 -57157 -11095 24674 49263 19912 -11373 33119 -78255 -50679 37781 9746 -7269 -66013 -32160 68716 -61745 4434 -36669 -804 7735 -63000 -22148 -6631 -78248 1866 51467 -31937 -68736 -6173 24141 -118252 36659 131397 -59147 -32375 2487 -60768 -17064 -6932 -15342 61214 -58776 55149 -53246 45067 -715 -33661 -41748 -36023 -4075 45766 68937 -53694 -98775 2372 -45808 -18972 865 -14456 -7198 
-110824 62197 61867 3334 89669 -15414 73289 -32307 -92721 27300 -16750 -24357 -28538 -50063 38833 31662 -102416 31888 -24183 52183 68247 -22026 46981 -65599 16674 -56961 28353 49954 38005 29378 -37995 14105 -16032 -4376 36831 -8300 -15893 75549 -89408 37672 29126 91192 -19441 45610 55182 -67818 -92507 103012 8280 85952 -90152 50667 -10857 45582 6915 -7679 -52831 71395 4621 31984 1772 -48508 -2019 8352 78243 57274 2240 -71382 -28825 79362 -30489 61558 -84453 -8764 15767 5330 -11867 46520 30237 56235 -73596 -7691 -8281 64830 -31634 -53160 -46617 -52762 -41666 -42479 54175 129380 25638 46913 9661 -16138 30120 -47061 117325 34232 
55316 51130 27417 2711 -16495 -63638 -90132 -16398 -23152 -31595 73883 15584 3257 54430 65880 2388 -11003 -40557 -24528 54555 -59825 11402 -21897 -64214 -18166 5483 -45454 101308 42206 -22672 49200 25085 58761 -18208 772 -23574 34032 6754 -22035 -74802 -20611 27798 -37617 -83626 49428 8480 63484 63271 -13501 -19436 46548 26768 27702 33464 -6841 -122878 -83292 -37282 -80452 9469 63480 -29425 -84834 -65891 62383 -118876 -35334 83640 -9523 10674 41138 -74552 22090 -95878 14244 -51342 45825 42472 -21852 39263 35669 25097 63092 28054 10881 9594 -20366 -7085 -42240 18112 55495 48369 24363 79567 22056 -34407 9345 84205 -84699 -60227 
-48514 -5020 -61844 37700 -25229 24409 51856 86629 -6177 -15448 -48 -20825 55664 17587 -32080 -88661 -32336 74262 -24083 -19497 -34116 -56212 -51876 95932 -110219 28715 -18040 -58429 -76783 -90187 -38486 -63095 31855 43610 43703 -13064 2988 -18771 -12491 -18665 -1546 -87898 35942 40351 -16660 -159158 32321 -4880 78953 7799 -27848 44895 -37668 -2757 652 17303 98423 9075 -36959 -18521 -15812 20019 18408 -95612 -48802 -49864 -49645 -44110 -23767 61024 3229 -10573 55548 -16713 22604 5250 -102388 3095 -1116 -9889 25824 -12209 -20029 -84380 -44349 37367 97604 -63602 40927 35184 46226 -41524 26604 -34510 -12001 12839 50675 10279 -87475 44792 
108865 -30796 -19722 82942 -19138 -66065 19638 25616 21168 2021 55584 96997 8733 35842 3719 22070 81200 15710 -52509 26936 58641 -29494 -44771 -3630 -44926 -19462 11887 43006 80255 16048 109801 -34013 -17728 -96581 -45996 -42475 81818 5548 -8770 -2297 -19842 -64230 96792 100387 -44799 -10173 127510 -43026 -62386 47182 -28579 33610 -87759 -38056 4726 152438 -11073 -24281 -106166 4492 25020 -58219 -133078 -67112 30517 -13985 -28037 31465 5344 45116 63083 90836 50061 -38227 -1937 47277 -34787 13176 -15179 -42021 -26804 2396 8971 119138 -10177 42407 -26018 -42438 -40715 -60834 -5211 -41824 28439 -77725 80160 49490 -94298 -24877 -63429 105517 
445 -64140 -7268 41978 2913 19548 24832 -2498 40954 -88001 60351 -1479 -14093 19527 11207 50969 -68885 -66655 -31810 -9208 -71073 8285 -45326 31192 -5226 -14982 46793 102307 -80354 14883 -57020 34552 82347 -3874 -33587 -15771 24590 7344 65530 72261 -7528 -19197 -52602 69862 -1290 2827 41849 13649 -75614 -34974 11233 -22075 781 59133 -1683 53270 -12822 17355 -43724 -39813 19641 13417 -28239 6239 73712 -46292 -20877 29961 -30611 46833 3359 -31769 7703 -42202 -29730 12826 76283 -28467 15595 51651 -8370 -2486 47276 52255 47713 7108 1082 -18552 15221 33886 5748 -87 -182 17709 70951 21337 -56500 -5127 29283 3777 
-65206 50383 -102429 17662 -13070 64826 -23269 90441 -26609 -23087 -7313 6388 -3317 -20350 -19914 -52398 -15879 18915 38117 -48932 61496 -83700 -55248 56349 -16676 -10131 -60614 46317 25564 16982 -22672 -4148 80102 32756 -11355 94559 129225 -55298 79968 -109370 46929 -9106 86882 45651 -9536 -20402 22844 89750 -40886 62341 54248 -53910 -60934 58679 67397 -997 -21791 -39572 21580 8859 53010 24052 10491 -1931 39762 -59189 9523 -52735 -26065 77162 -53473 -55902 -26921 40178 -37109 62996 65698 53633 -9432 19183 8499 -9986 -59698 -67072 -52409 -25885 -2868 50354 -12370 3413 22584 5888 14778 -87551 -25128 46957 -6113 -35961 54470 12891 
-21079 -27122 36026 -48635 1727 -30972 -48520 45206 28951 47169 -46520 18231 89022 2332 2196 22228 22054 7570 19117 -21329 40930 31563 -23137 10627 -17485 -26686 42452 -19989 -37944 -29666 70645 41339 -41135 -4357 47741 -133206 51125 -21961 -52267 -2065 4143 -21780 76601 47047 10551 22929 -22588 -22486 -39099 25614 3407 -2355 -35695 -36817 62345 10077 26253 29565 43911 39343 45597 -3551 -67867 -20500 10561 48340 7877 -89925 -68916 25244 -72942 -10347 -297 -129569 10812 -5619 -78356 -48848 73086 -17260 -67348 -46891 -35236 24461 -38317 2221 -22705 20233 -121413 93205 88398 4785 -4817 -42629 10849 -42278 -61311 -24669 17363 -5780 
-27149 29989 37333 32502 10161 -95728 21587 5355 7179 -24574 -22802 -5025 104385 -1346 79447 101282 -65393 -37307 2344 -59745 29193 -7029 26115 -68649 26524 -42584 -38536 50880 65699 36205 47291 -2676 30314 -29373 10280 -78463 -3613 -36395 -26556 -10640 67534 15147 21085 45099 -27439 65967 -37133 14918 -43897 8714 40724 92720 -48299 52608 -4034 70101 46254 2905 -5208 22737 -13428 -24267 -50719 69126 18449 52532 -11739 53058 23006 -23028 -67975 74964 -78582 71240 17232 81512 -33803 39148 -13066 -5067 -12623 -31562 -57036 69964 -6646 -11476 13778 35825 -34677 -18505 -4719 -101268 -57358 2523 80886 52468 -16244 -16201 2521 66464 
-29665 29240 -20652 45029 -42568 -30187 14436 61145 -18918 58167 -3293 26260 96468 7300 30673 24181 -74445 57314 20611 22243 -68637 -431 -62613 17341 -46740 -31401 -42042 -48175 -18813 39885 126601 -102001 58809 -21279 95775 31972 86527 28544 -46723 136988 34315 -75096 30742 57653 -84037 -35803 39771 -17628 -5116 -25755 17376 13158 -3505 -125033 13825 -69404 36907 26475 -13288 -23496 34196 -54068 -18030 66303 -47101 111388 61090 -60323 -198719 8568 -14419 65792 -26117 3238 42599 2989 113786 49338 20667 41028 43953 96418 60529 68610 30738 -79702 28377 25230 57926 51087 45409 -1498 56319 9657 -3226 14829 -37876 -44845 -44346 -14028 
-406 -84799 43478 -57193 -49615 39834 -51609 32008 -49616 77454 -33583 11650 -54229 68235 34866 137108 3944 48066 47761 5310 -60310 33110 -14296 64863 10448 -48501 20506 42013 22431 -34638 -26061 37935 -50934 -16044 -32553 6215 -56219 -1023 -46847 -100994 -1434 41847 -45833 40850 -51555 -51841 67497 -57230 8167 37087 51142 36239 43749 32108 7168 65918 -68236 66299 -5074 81222 -103400 -4671 -45412 7978 -31773 66023 44416 -60023 -31241 -18981 -144441 -68511 859 42819 -44089 -15231 19244 -52284 16397 -62856 61355 83538 55175 -77486 -53441 -20791 -44706 -44497 -110500 18777 58043 -72998 -8189 -65192 64212 -15816 -33711 52795 42750 16609 
-32706 3834 -49513 -15217 -13374 57882 27174 67277 -79162 -22222 18129 41828 -4346 -53900 40117 53306 21458 -34700 77138 -55498 -136162 -69442 45657 30658 -130551 -35944 38293 58728 23611 20089 7896 -96055 -11402 71394 35059 -8404 -49898 56181 -27173 -71568 31437 60156 -26352 -32726 47410 -22241 -26316 50512 8447 -47115 -52321 35857 -63 -17298 -50032 -126140 8350 28082 22840 -2072 48427 -41708 -43234 -5862 -3508 -12762 -79755 45980 98894 16539 19188 -1754 -53602 -10072 -21404 31324 -40851 5086 -18936 12338 49816 106 23766 36390 7467 -53740 67184 67374 -27803 2313 -10678 547 -25830 25388 15010 42986 12988 74588 5639 -78276 
-196 -52244 26124 53120 -13756 16768 12939 -1175 -7434 -72879 32791 3061 -53450 42736 76645 -11707 -3906 50825 16461 18193 5080 -17269 -28887 -74081 5492 15007 -61691 4596 -24256 9044 48500 -19361 -23502 5510 13527 -56594 26161 10341 -54465 -53668 34825 3744 57954 -43590 72266 -46807 -3554 5624 41618 41091 -5245 -38985 18959 22787 1301 71451 23423 95059 -22227 14555 37849 -65953 -54366 -3588 -5999 -50573 29797 7804 24880 -3020 11691 -52515 -9783 -17349 -42532 -3735 -31578 32503 38663 12834 -52286 3157 14854 -47943 66397 16273 6134 -3638 38260 43389 -26852 87807 57954 -33508 11379 -51577 -14997 22427 761 -29049 
-27199 80113 36653 -2116 8328 -62300 36454 104856 -72460 -45226 -33683 19281 13694 -37099 43795 9787 20228 6519 75454 50455 -2267 -39171 -93877 86159 -102466 61541 92812 12330 -8809 -57688 11220 -75476 -78026 63603 31956 60571 -83385 11448 1709 -33220 97140 -2557 25846 -28811 13113 -73049 14586 -19698 21421 -19294 -39544 68683 -8764 41142 54300 6928 60642 -52190 55175 29276 -5418 -11709 1393 -51515 2434 37626 -56038 93837 31365 174580 -45353 -35576 -62751 23388 -59444 12632 -3808 7948 -3277 14814 2469 25880 -37937 36819 31890 5533 -94790 -18860 -33005 43466 94911 27571 51015 -79446 47568 -4594 100706 8139 -10743 43615 
-90427 -22090 27562 -72955 -80428 -4319 -1520 -9002 -33365 10228 -9268 31295 -68832 -30302 -20361 -22563 -19241 -36366 -57709 -42949 41180 -32036 57612 43788 -97050 18537 64284 -41426 86789 11376 -80745 -28312 -66225 -4418 -4361 18801 -44815 20426 29277 -322 -33390 41569 24043 -8483 4848 -10273 25807 -35432 -105893 37321 27725 -23615 31874 -21434 7317 46315 -9966 -15339 69555 34523 11003 -27163 13265 7924 88852 87368 -82849 22469 -13084 20926 4365 22495 -70253 66320 -12824 27930 -27759 -31360 -82003 -33502 -83186 -61301 1288 -19493 -71804 -39282 -42938 -58833 -83695 8270 77041 8599 -4394 -67466 47526 -19818 -71439 73973 172579 75102 
-20758 -29940 10148 -38832 91717 33939 43373 4114 46483 -51627 9755 -45777 -48661 -14542 65158 -67402 -49783 61994 28487 61238 -9206 -25854 -11824 -52061 -44152 -40433 120031 8960 31346 58668 27024 -28558 43060 79050 -47092 7463 -13759 -110005 9780 32728 -20415 -44543 -53976 -1507 -11284 80357 32132 78317 88570 46669 -71547 73716 -60860 44014 -23865 18618 -6309 -44436 23772 5206 -56922 -14639 -15816 -122271 11264 -38771 -9207 -34891 16767 -39175 4486 -5252 -18919 71850 47678 53190 38247 42275 51955 42274 22054 -7822 -23181 -18675 21257 55245 27031 -46741 -9599 -39797 -40610 -92769 -56708 523 19945 32883 44402 -87591 -39644 25733 
52844 14477 23841 3011 -80809 38257 -72587 59084 7697 16680 67372 2816 15685 -89877 -76323 -21865 3527 -63120 4375 -31601 61630 -45121 -25481 101680 -35557 -37002 -43673 49791 36214 -2030 19284 76070 26707 38648 -39741 -73130 43157 -26777 65576 45766 10129 45207 -81891 -63242 -13703 -99301 -505 -50030 -59589 1873 11533 5185 44212 29958 33258 11214 -64530 -37029 26324 84188 36191 25983 5409 -31009 30033 -81420 -3652 1967 -81684 -8267 -3494 22821 29705 -27106 -5872 80286 30900 1683 47140 43991 -41732 38099 -40348 6357 26786 45692 -32564 14324 -53138 60845 79931 -1960 22488 -78165 -12099 -18235 83335 54888 -52394 -6141 
10880 -60169 1995 -55307 -26507 90668 -29655 131 22399 35775 55718 37924 -24919 59161 -34495 -19863 113427 92830 14185 -11372 35310 69232 4170 27477 -40224 10186 -58971 45930 32358 24546 -105116 7756 -21772 -32388 -31855 51526 43576 -29207 -16670 31309 -12826 -30584 48025 28328 20228 11548 -33070 14361 -40230 30638 127173 -2051 -52836 14340 -98045 52298 10413 43854 -12750 20580 -21527 63319 -66741 -35409 20925 9440 -27027 7352 6388 -24333 -25096 -121668 25228 -24940 -9021 -4918 9676 -30911 -75374 -41401 -3832 195 56491 -15930 -74444 100441 -10646 -2694 -39535 29763 -4329 -91484 10495 -91425 42640 -49357 -37052 10862 -86084 7656 
-62557 19227 30992 48236 898 -76509 74988 26962 32408 -11393 14772 28798 74764 18305 5088 57518 -16328 22271 -44463 -10494 27738 22710 18435 22985 90556 -40356 -48817 -7977 -4190 -47259 -43569 -3729 -55034 -8339 35737 19044 21362 34440 -70597 16636 -7654 55622 -7045 -97065 -44622 -6744 -59906 -13769 -94684 33687 -32349 -46652 -16347 -12647 65017 -65995 -58103 -13964 2540 -5886 2803 -53413 -88574 -27337 -30026 -28806 -87380 15234 7989 -5901 -39803 64222 -43375 -73425 69763 15867 2630 95943 -6630 76561 14339 -121298 -55771 -7236 -81903 -11415 -10201 -17096 -7019 -55288 13383 40040 39345 36305 57491 55828 -42005 24435 23700 -52491 
-76664 -32003 25089 27854 44152 33967 -65402 47212 -22082 -78863 -10648 59533 -9708 -27528 35220 -41532 -11327 -51324 48714 -32659 -25128 41123 35357 -53855 31689 -88805 -39912 56602 -37678 31316 35781 -1135 -855 -25913 -3346 12512 937 -56850 74467 2622 -31645 56663 20768 -35845 -20161 -26343 35698 55278 -47359 -49273 -91717 29464 8430 -18801 -67775 48972 50040 51112 22747 -29859 -3826 63202 -13204 -46229 70417 -34663 47053 36080 -105918 80231 -48777 38052 -24055 9821 -39878 -83160 37436 13972 58053 -66216 -38693 -27442 -35242 42468 -50297 -63589 12522 58514 -16548 40166 26459 35484 10131 -757 -12783 56449 -3767 988 -73211 65914 
64752 -15811 -1565 4827 -18961 -80863 -15013 45858 46691 45192 -6383 84734 32762 57084 -9226 -27923 478 30884 -59081 58149 -27510 79043 -37798 120819 -31775 49115 60946 -37570 -91884 -40161 -43543 15451 -64177 60625 35811 28468 40899 3574 48876 18587 -63656 -31251 -51657 -28292 81866 -11699 -34720 -21406 -46308 21018 -50631 28719 49338 58906 26721 16637 -73205 2558 37439 -60884 3837 148 -42827 -87287 -84837 30682 1486 -28281 8461 33733 -17835 64073 44398 -91870 -84593 24347 48433 -13550 3079 39923 24505 17119 -10111 46673 49895 47923 -57896 -13943 86023 20429 24422 -49005 -82470 -62559 18603 -34065 29091 22900 -6441 26478 
-3917 -3551 -25239 -16069 -118291 24952 27662 -56795 -39390 29939 -78383 6928 -50042 -33868 31257 80275 -29008 -85670 11825 -16661 27256 12306 13964 -10447 -11804 -14458 46397 -46465 39210 -4322 58502 76297 7297 86095 29608 -100417 11080 30240 16781 30574 79970 -28394 -19715 -93361 -14216 91535 46399 -16054 45313 -30702 -61625 -45844 35555 50122 40802 -51053 -19574 19206 -12134 -35770 50302 -4987 64580 102894 -41095 37436 87524 19725 -4755 -97974 -5385 -37017 45302 -65499 -3515 44807 1922 26811 3921 -42045 -67090 11352 4337 -36978 19115 -16363 122305 55201 -76505 -9777 -68098 -10802 -19044 3404 -48586 -10768 -3513 -25626 -7070 6811 
-78656 -74660 -16210 -27014 34805 -33715 -1203 -27650 -295 -66212 -66223 6399 42207 24413 -5794 25041 66476 13086 -25103 -10171 46870 -11209 12836 4843 -38462 69775 56293 16653 71569 -13217 -23159 -33883 -43648 24366 -21238 31419 -16545 21144 55464 -96777 46413 3354 -80680 -76455 39955 49734 7429 -63876 -35717 49003 -28476 -43821 -56596 14303 -21218 -38874 -23455 -37919 8692 -9868 186513 1288 -9054 -60904 -52769 38119 31689 10374 16340 93259 -99743 18090 62338 -27766 -59409 44535 -13253 -41255 53945 5752 -65643 24863 -21861 44919 48188 -39744 -101884 42696 55528 -5648 41550 31606 -9264 -58875 27187 19174 79600 -54285 59107 -41608 
-30066 39637 -1005 -4153 95332 40254 -94737 -13173 41317 -17224 -103691 -18780 60647 -19373 100277 -15196 32598 -54307 11984 36340 3004 -53714 -73621 44979 50897 -69829 -44240 46129 -19419 -12545 -18306 -21928 -34772 -53894 36844 -19518 -26537 -50769 -13606 24003 36395 15264 41189 73572 -63484 -31925 -22725 -27688 -3713 45653 -82169 28257 -38097 9170 -44895 -56482 -10637 -24450 9593 -58522 -50934 7928 31584 -42630 -7441 -7246 -73977 -61136 -13914 103875 -52900 -50707 -76458 68251 5774 21402 41884 6949 9715 -113951 -63917 -2325 -33482 48562 -54280 -86093 -14736 54050 17326 14265 10904 34996 -77337 39703 -32564 -8207 -49139 -106277 -37141 1035 
21548 -22573 -1471 -105430 5305 -27713 48809 -46718 -17154 12230 66241 36623 -10461 -38373 -75047 -21888 111703 -118790 22605 24280 26904 548 -8077 19027 48854 43074 48820 -59344 -48408 -53880 -13132 -18077 4662 50115 -26034 -13153 51311 -67209 104909 100880 -78956 -4331 25187 -55078 -32354 13795 98430 -15124 19153 7328 12063 -101533 126307 26290 46920 54157 49406 -26915 -46028 9008 118598 -10931 -45744 4430 6755 -15268 -37198 16286 -121619 -39428 26947 36695 88157 -26278 15106 18558 37323 29278 16125 44517 3705 -42867 -2925 62830 27860 37893 -46609 47102 79296 85751 10557 44075 -24380 -9004 32292 96680 70584 -22230 -46440 -122992 
21621 -31876 -46098 41466 3673 -36188 13604 -39473 81241 38976 60186 2692 -33361 43649 -58909 5968 -17073 31062 947 35558 54244 -55062 -4377 28861 113438 7514 -5934 -51585 12578 93243 -44096 -33828 -20990 -8758 26040 -3934 63947 -3815 81649 -47035 -14107 -6576 42658 -2085 37949 16242 23630 82757 52457 -19317 -29323 -79234 -40996 -71177 22659 11490 -117199 11698 -13214 -27411 -79534 -24353 21758 -52090 -10001 26911 29734 30528 47168 26916 -12141 35356 113008 -4510 28860 75980 -36153 3449 -43948 5309 -38071 -26867 18540 25875 -114910 27748 -78585 -3263 291 20480 -5499 62757 8773 9900 -26125 71727 -42416 -49037 42664 -37572 
-85917 -76364 106132 -48005 86130 -24959 36556 -74822 78961 110835 -41925 -38772 -29180 -2492 21855 29317 35415 30022 -11051 63156 60086 -17597 -47061 59207 32603 -5909 -29165 -9250 202 -24584 78301 33050 -69453 6286 -1749 39106 -14933 48876 -69264 -77122 30952 4648 23856 -36714 48677 19500 -54822 -32544 19093 -39314 16024 85124 11480 -63690 -75859 22685 -47292 63809 56437 6401 43369 96000 -85550 -58862 -31160 7976 4702 -48440 49890 -15107 23867 49347 -19788 -34156 -13058 -18157 49157 15614 -123695 -90075 39845 39996 2361 39253 -40083 -73108 -216 93337 -75248 -3 33738 45825 -35947 -9305 22485 53063 -33743 -2661 38963 19242 
88260 -26009 53050 72282 -62508 55923 54779 69385 -6123 63304 77302 92186 -22639 15681 -24735 -58125 42911 18825 32507 10923 -32952 -16612 -25681 14259 -46682 38486 -8259 -14868 -16263 -42657 32902 16862 -3173 76131 23042 -36399 8389 -4318 -13721 41844 -17886 49928 22723 28004 11797 -29449 73593 -5042 -8501 22301 -15839 49694 37920 10937 1034 61174 21081 30745 19327 28640 -20303 31707 -90647 -31938 27081 -21601 -39797 -46654 25796 -14419 31056 79457 -71629 -3260 38745 719 81452 -31961 -3424 -234 -32839 -20851 -18844 24903 -21574 42056 43798 46816 48668 32085 51232 -42604 -39829 -27103 -29929 -52282 -31780 27747 -23142 126012 
16526 13263 -15157 -19866 -7211 20696 32321 49434 14291 -60337 -27023 -107677 -5428 76509 133900 -36667 30856 -54062 17308 4938 -86312 -59717 68111 -28368 -46935 -17330 -29000 14812 -58883 12977 -31408 -22793 84734 17528 -89149 23110 -14863 149951 -23356 22588 -96644 -2022 -57224 27370 -14892 35472 -46797 40375 -57773 1431 8141 9849 -350 -75648 -72097 12322 -16449 49259 49061 3576 -5636 28116 11628 37182 114641 -27787 34852 -832 34741 38051 -5211 -91048 -21044 6590 -48941 -25258 -77434 -9097 24963 22676 -31634 54071 26545 28560 17507 10125 -46619 -31756 49282 49318 -8244 18671 -46050 58696 -13491 -115120 -56744 68332 4789 -50276 
-67384 51119 98576 -110107 63464 -5032 22852 15343 24177 -33893 -41705 -92770 60092 16361 9847 31352 53018 38233 195 7447 60824 -11709 -11913 28682 -18703 -36669 32319 20244 35763 -33569 -10347 -12679 10523 29773 60593 -28805 -102723 13847 14744 -28261 104038 33992 5538 -30746 -9895 -59461 -9930 -24820 44995 -25581 732 -16083 -61509 79520 157035 41756 42487 -39267 -83854 49271 -38035 44946 48330 13532 14639 -6298 -12564 68551 27743 62664 -19482 -31941 -62275 35604 5029 19097 11160 78028 -48169 -45181 22589 19312 -19775 -108131 -34224 -61107 -57097 -80539 -72293 42595 -45287 -2751 48501 10507 17806 -17733 60144 33776 41299 38536 
-68443 -9868 -75332 53457 20546 6513 -12648 71569 38030 -22121 67617 -71038 -10128 51054 1571 -25778 -16088 -33015 -3876 -113545 16751 9423 -32349 -79251 -12871 -58840 -11846 43825 -9638 -79348 -29830 -117098 -31610 -32717 18756 6814 6284 51977 -32496 11124 -122465 40300 12367 -57311 6577 45651 11410 49065 -70898 33373 -34672 9563 28006 -18282 -33744 6225 39505 -37699 85501 -44359 63425 -10498 -38915 -34920 57277 -62508 -63283 -15714 -5069 2101 -2119 -81266 -39123 99885 39026 -1135 25078 -36360 -8542 8376 -24823 24878 -30957 7207 69115 -1088 3850 -88392 18449 -56388 -9360 -33970 12383 -107844 -33885 -29038 96446 -10227 -38994 61018 
1137 39114 6867 -13633 -61262 11018 122259 7306 5049 52793 -33237 35629 -13797 24989 -22508 8887 14426 8792 46100 -8441 25599 26805 -26955 43622 -20980 35301 -80786 8498 69278 -7644 -11726 19361 -68498 35172 -7700 52851 36384 20962 -27595 32759 100225 6897 -9600 34162 -16304 -11614 85079 -71013 80048 -41314 53753 22928 55093 -23826 122809 42018 -7178 24410 13415 33986 10896 3156 77857 7189 20516 -4720 -73227 31606 6327 -24256 -61158 -36504 21970 -63519 -31472 130981 -26386 -64489 -10307 -57915 76076 -41477 32051 -5208 52470 17537 61359 12972 -44985 2697 21564 -31508 41857 28874 -85247 25793 19716 3685 47491 2453 
-51361 48433 -78443 -83792 45915 7879 9422 -19041 50877 -61689 -44978 17422 -61233 4758 -35133 -64670 -3087 62820 -62764 -60824 105059 -75372 -26552 23784 -41273 28333 58877 -76962 -14815 -93532 -21969 -50788 6227 -4650 42101 -47185 -26240 -63102 -69054 -47181 -20313 -9285 2919 9417 14487 -85426 -39745 -27430 -11793 92536 22330 9950 25995 -46471 -41889 -39018 -36910 -13079 37130 7446 -7363 -7236 -36757 -74902 68722 109264 -13488 -109055 -20476 -59833 32824 -16354 -27035 5306 -12471 -3633 -81545 -74043 -39005 -25176 -23837 -89914 -4984 9405 -19149 -31765 23235 -41704 1953 -94463 8050 65602 -34175 -9646 49349 7622 -10930 50901 -19519 87623 
14711 28740 69343 5289 -2227 -22615 -67885 84794 -40641 47221 44708 26475 77710 25267 17545 -84121 16686 48431 5495 -97480 54784 54771 -26374 7371 37710 -30700 15176 -35632 10983 -8032 7879 -77705 59131 26909 26346 26824 21046 25081 35234 -49916 71761 -13760 39036 45608 15088 -17201 -31415 90186 -61807 25294 73978 -4215 -7735 -37047 -94336 27633 50235 17481 -7450 7085 52986 86411 16922 41153 57894 -17879 32598 50957 26416 -34342 40722 12029 -28903 42757 -41996 5147 -40273 -24796 21840 22459 -43786 10673 -31421 21171 -32502 35544 68567 -35186 53703 29932 24273 -36599 79291 -71964 6604 -49918 25046 15227 -17637 72805 
-20688 -44442 -29671 61584 16049 51265 62152 -27018 -3163 14093 11132 20663 -38743 -78436 30769 67875 -38233 -4478 -19577 -59987 60260 26032 -55861 22385 -3615 46696 49954 58035 59408 -63206 37189 -20244 1827 -515 -11368 20241 32986 -26443 -47232 44591 -1783 -126433 67119 -91629 -72008 -63387 11826 -41307 -4562 16832 -34745 7618 10782 -81990 42571 -29832 -27385 57644 -27713 -51 -82313 -92282 19230 13793 -2993 74036 60554 28589 39088 -40500 15489 -1964 21453 3818 -28966 27587 -16018 72520 -33210 53903 -56963 79295 -39006 -26426 -40278 24849 -21772 16163 32617 51165 40098 102624 -13604 -71044 9274 33324 -63403 -46562 21132 -10002 
-32166 24051 49336 -7018 91292 19629 -51487 16114 -22923 17999 34602 -34069 27393 -31767 -12425 54264 -47047 40465 -52392 -16899 20175 18404 -50002 131507 62878 -4919 84256 72010 12310 19190 -55111 25195 21840 -30156 -27118 -89621 -45444 38990 24743 -4241 36765 -19090 -63576 6421 28866 -31704 -52722 47357 6697 -10019 -31667 -17758 60139 26529 -7752 -3977 -23328 8174 24558 6428 -14297 61163 -97180 -61680 -18531 12937 -10168 32984 34763 17914 -77163 -36733 31097 53031 30283 36031 -16589 91483 -46724 -19761 34992 -4027 -11039 5428 -43026 -27751 2976 -11491 -56568 -48613 31348 -52670 -5340 -36800 -4951 10953 23448 34885 18424 -96836 
-11002 -96404 -36496 42494 75946 -3295 -49900 100144 36175 14617 -64403 126788 102924 -27108 109186 6005 5677 10702 116770 35519 -5140 -59088 70305 8248 -12721 -42404 16942 3413 45922 33474 11728 -98304 -33758 48068 63838 95302 29528 -63775 -61869 17106 46484 40017 -29657 353 -12028 41788 88265 69777 -43330 21284 67406 50587 3706 -19951 81098 -34259 37747 29350 -84790 8190 23336 -44171 86351 61583 26597 15112 -54302 -54816 -49284 -39308 11527 10322 18547 10085 45546 77798 26089 46034 -12409 72195 36658 -10384 1582 49107 -65467 43686 27827 21510 -76065 38478 53515 15159 10369 77123 -22688 2716 -44215 -43236 -29039 -32728 
-35790 -6212 53238 -22890 34724 -21159 46348 73072 27438 88323 -56410 -26018 -69176 26534 -80862 102945 -97087 154306 -93298 384 47196 -8212 -61743 15345 41452 28427 -34896 -31427 -3219 38844 40767 7131 -11434 6648 -40949 -2772 24370 18856 -92922 18657 50630 -15178 50707 73120 -15534 -27665 -41446 652 44616 105925 32515 -23506 -57482 -9585 -9011 -47713 -41736 31115 -21494 37752 -103765 -12430 83842 -44950 -35256 48226 -58051 -27823 2563 40277 -18550 1939 -61399 -4972 -1497 -30110 -84477 58121 -3027 16779 46953 84452 17507 -67802 -69519 -7123 35495 2832 107477 -6047 -15382 101834 96241 119538 -6623 -71474 -6665 2859 9587 51619 
-52318 20357 -52777 74522 -61253 48874 -42713 -31821 1814 42254 -45696 -5643 27068 -20124 9540 -46827 30208 -54925 -49428 57601 -38623 68631 -21610 18555 -16089 -7237 -10511 -14026 -35013 -11911 -110326 -32778 -34509 51654 29453 20968 -59425 12482 36528 65317 -13482 -13179 -52173 -25249 -8479 -15912 19085 91637 -84798 36329 -90772 -74052 13940 -7867 6433 -26875 -122754 74591 62803 60413 -63583 -21735 3082 -970 62104 -21619 27155 -77375 3199 66860 -49342 43836 54019 17808 -59491 -27121 -9095 -50794 -18622 -40538 -18924 9746 43482 -27722 32239 -29912 83764 -21505 9692 -2197 30147 75376 -66496 -814 -33277 -28354 5957 2212 65423 12578 
58747 -34451 -71666 45547 -15243 22474 32377 30691 30999 23034 49310 74901 93408 10630 80003 23547 -51792 -21648 51305 72134 -28048 -9701 29756 18494 -30990 23222 16620 30412 -37214 47421 31182 13480 118713 -4375 -38544 66342 -35257 -15185 -83 37668 10067 13508 7806 48670 -25351 -77859 -6139 -30641 -7405 39449 53893 -12255 37154 -58286 37873 27981 -56397 38203 -22036 51795 -21211 -57389 81163 19962 -2785 67926 -52735 -3301 64516 -62193 -8432 -63878 -33906 26913 14607 507 -12655 52989 -7899 -143658 39572 -42904 -71793 75434 33837 79684 -55481 -1747 42660 -36497 1588 17500 1140 68936 4479 -17338 -7945 -43108 54902 -17007 
24298 32649 55761 38420 -2641 -57392 101016 15427 17268 -61042 22701 34686 78943 -15167 4589 -6999 35426 -32562 63619 60187 12652 -1679 29424 1299 22916 50551 32487 -11199 -86366 -18051 24782 3592 129383 -14826 37535 -30492 21690 -77063 44872 45475 54361 -42182 -40372 21684 34974 -81507 -1719 52740 -31240 -30076 54142 -21696 40576 110375 -8700 -37573 56393 -32807 -20890 -20141 75221 -27178 -7164 9273 -106706 -4103 -61448 31261 27123 -22556 13143 49982 -76811 25417 -11371 -41571 9341 17211 -25319 5171 48441 -22140 -54706 -9608 52153 -16894 -5234 -22404 44439 3489 2186 -32160 -55908 -46457 1803 -7420 4235 95501 -82922 59158 
62311 -42867 19497 14051 -2444 44810 59471 -126045 33392 -19247 36233 -32837 -1444 -44727 3415 42393 17127 62124 7 -32710 -33419 -63456 90220 -26334 10557 -101387 8298 100814 -49 -9773 40961 -4177 -81626 40585 50209 -75708 -20007 -2610 -53601 -43275 -50855 21461 23005 -40522 5125 -65124 -52709 -8296 9939 50164 6000 36804 -3110 8504 11331 -10916 79937 38520 50976 85238 -5040 6512 10518 -653 68057 5507 14345 14810 -14490 48386 -26153 28063 115 22814 -33727 14635 -79760 72723 15063 1138 -142910 24801 36758 -42014 -11297 3889 52300 78099 -77402 -15124 6947 31645 -12129 9239 52525 91615 -91835 -2116 40240 18677 
8653 659 -51717 -28843 -17982 51818 -90395 69539 -92256 61107 -18740 -51818 -12853 35651 28547 29786 -105398 7597 16428 -1536 -89430 -43545 -26403 23677 -40002 -50159 6760 20987 -29874 -21025 -56456 -7495 17496 28930 -41468 -62779 54382 -16671 -30856 -21422 42622 92438 48731 -10101 29062 -24433 38955 28851 -26154 43179 -10231 45511 28665 -10491 49997 -103294 -5969 66273 81796 10692 20376 -31180 46902 95519 52820 21678 -62141 -39067 -64579 33272 45624 975 56514 3158 17505 8162 -12321 2468 32412 42207 -48103 -8651 -19467 -93275 -16768 -32378 -71628 46697 -116854 107677 52794 45688 108682 4728 -61533 78124 -11686 -6000 -90252 -70245 
-47926 15636 -35413 67679 -5513 -36840 -34919 24635 1401 -25780 -46033 15820 -3488 767 59993 18599 21296 60833 -18554 19941 -3972 82291 -81029 12623 -28833 69801 61717 149 -36005 57774 19820 -2246 -1570 -32581 37883 17819 2715 -39174 29787 -7930 20177 3965 67171 1919 66396 34605 53695 17037 -44776 71366 -6384 -51743 -88642 -74976 638 7896 44927 -37970 -77109 18795 5437 -25110 -29285 -19844 -13403 96437 -3759 -51036 -11997 -2121 -12049 -28895 65055 16503 -30090 73141 61295 32854 -21278 11389 -42630 17264 20472 28348 58184 -36119 -37231 31 -43407 64542 32925 5980 -12991 -81483 -6638 6045 -68795 -2959 -13093 -18479 
-6443 -23417 -32828 -66295 -40863 -36911 59113 -19067 -34333 -3619 -6988 -38954 36615 -14645 -270 98862 40846 -12933 34009 6095 -41881 -13064 51673 38095 -43418 10319 19670 -68090 46935 -24086 42378 24231 53457 96126 -6971 -69439 -9002 4228 50215 28044 -70447 -772 -79719 -62550 58278 58670 -348 -9919 14311 52324 -7076 7485 60900 1185 21120 18169 -18449 34820 79246 59043 -14517 -29080 -89887 866 39690 51667 -72556 33703 -42370 20663 -159398 66208 -37036 71756 -47812 18850 -40417 -35020 17019 78414 61889 16618 38210 14446 42333 -13155 -16762 -88851 51575 -30156 17583 -53422 -19355 49227 93591 66307 47827 76084 -5268 -74627 
9614 22005 -76899 -45453 43993 92925 -20899 -13460 8576 -69751 5815 -66663 14999 9496 54611 31424 -21827 -50769 -21569 32844 -19232 63842 15640 -25157 20600 -134850 -78567 103 -48159 40750 -6063 -95948 13825 -48785 -25356 -96918 101218 136902 -50869 -22132 -16826 -58633 -44899 2431 -88462 -15521 28555 -6720 -56283 -29064 11762 72781 61492 24242 49885 -56649 60860 -8402 41118 16212 24012 -2213 -22130 3932 19463 45515 -35449 -32954 -105097 -1780 -151463 -44878 11936 -20292 24237 -7281 5382 -49970 110243 -766 -109584 19111 25647 -76504 61890 -706 22606 -68871 -37177 -88298 -98424 -59870 34370 23654 -15147 -32896 -27122 -47287 -53796 -39064 
-30242 5726 25365 6640 -55192 9713 55260 -51638 -19522 28157 -73058 -8017 -34297 4090 -44131 -10313 -30616 47124 -52795 -23245 -14046 -19937 -42429 28958 19846 -18553 -126419 -5061 -5193 -10713 17728 -7719 47190 -7654 -65431 59942 -7756 12357 7574 13219 -14584 24085 -47950 -10203 -2505 -49041 31198 -32158 -8073 30405 25139 -76111 -63708 9409 10620 -4606 -69669 33598 -16600 14132 -41376 -5221 -25592 -4341 4720 27326 92371 45019 -8854 55483 32803 25318 97405 20668 -8811 -5068 39795 6789 35656 -18288 37041 23421 -44399 6400 3462 46814 -20282 -8868 60499 7203 10538 55382 -54206 -11379 92731 69840 -19698 -29936 26848 19212 
71674 13421 30387 29574 -54159 -35604 -11239 34401 23473 9531 130090 -4873 82271 50726 -71225 -27243 47629 38825 67157 -34119 -26965 -1103 6205 57676 28579 1448 -47873 -52540 -9977 -63867 -35297 57273 97587 -61374 -30463 79922 54345 -10443 55377 -83980 -39086 49556 -14894 -10651 3242 25571 15514 -24409 -44965 16523 65465 93478 -29678 -29426 20642 18754 -14119 -8476 28543 -9810 84587 58335 -88601 -47563 44571 -47832 -83307 5770 41410 -21230 -31871 16995 75574 2133 -15214 -8090 18845 -23636 12156 -28250 117472 3925 -5663 -63589 4402 -2563 72255 -58132 -3759 31860 24340 -20966 25480 -2074 -57083 9589 -12019 14459 -54399 -25449 
23832 -14164 78557 5657 -49662 -16594 2441 23400 117521 44026 -95488 -36311 22604 7301 33567 -47385 12511 -3207 49983 -73146 -96179 36116 -65625 -32925 60868 -61280 -19995 -24789 39255 -6840 50279 -1369 37686 -32847 66291 7957 63903 -27199 -101058 76930 89816 43564 -52284 38659 -58941 -33268 46674 87805 18700 -44601 44353 -16200 22495 -13317 5661 -13245 -86942 111565 -20896 16880 -89399 -21324 -15901 34345 27342 -46231 -46350 19821 -36859 -48018 -22999 -21614 -26371 -51425 -13962 -42390 42886 -16395 -86096 -32302 32533 89088 -38962 70866 -95009 48856 20163 30730 -61196 13270 49497 324 -22349 -71416 85369 -69822 8386 -36878 -6095 -9838 
-15860 9860 -43881 -17423 60705 24233 -10287 -8184 6257 73480 -45400 27316 -41220 -23064 36202 -39693 -2993 -25312 12509 -20722 41989 -24540 2254 58885 -42095 -46214 6537 -79571 91360 16393 -38414 2968 2589 26089 -37381 -17372 -66258 -63295 21539 -26791 -39876 22299 991 7736 -8596 91749 8089 -43099 25585 36036 20314 -10647 5924 -32848 83 128837 -78310 -43094 -13326 69710 -3347 63429 -33307 -78786 59155 25483 -33225 115640 -3239 84614 -68068 23315 45958 39960 49896 38066 -100054 -37739 51593 -26173 -14504 -15424 -27499 -7168 57756 49345 25746 -34613 -10596 -32935 -66297 -38009 4526 -53388 -94638 -28727 -51834 -1527 -2725 -18320 
32443 39533 -21 118276 -522 32478 -44116 59524 80009 17970 -11942 -9356 16001 -37263 48354 -32059 46792 -21193 -10895 -30290 59541 62629 1451 -35570 68382 53142 -33115 34437 -33899 -19878 -34376 -9235 -10512 -28244 -3521 48898 92822 19833 -49471 7044 16129 21908 70730 -57498 72366 61928 63301 -27719 -19388 46026 8133 -35680 -50674 5446 18968 -12383 21899 6011 26740 24092 68600 -7858 -34189 -14217 -27997 -36600 -83476 -616 44537 124348 11938 29456 -30468 -3408 -35075 14860 -53461 35443 -6376 -33449 -73311 -54418 13799 -41519 -42097 30291 41120 25739 -10964 -79284 -35428 14859 -28178 -8343 -24196 -21997 -76360 -14964 2850 -15555 
94967 -23184 53193 -14665 -60049 39197 50635 6550 58055 -40914 20968 -343 -45482 -3503 61225 -70249 -36778 -79850 -100860 42216 -28212 -74725 -21370 -4476 48559 68741 97112 -18447 -25900 54473 10989 -33765 -50049 -22618 -39972 -21778 7802 58973 -19930 32035 -18367 1084 -42455 39167 -65739 9710 -27671 73570 -11416 59177 -28826 -11804 91095 -48824 107783 5599 65249 -9793 45881 -43844 38191 18874 42207 1896 -41509 -21202 15353 317 14005 64060 67812 -70637 -9282 349 -91308 -103680 7772 26207 49855 47210 -103220 -23048 1103 -34366 856 -63363 -90029 -1691 41390 44848 -61557 38800 3361 41419 -107031 -20041 24540 8002 -22345 48257 
91297 1860 89312 -54159 -60666 64206 -12227 -20209 10788 -5068 -10230 -87325 -6303 33786 -39467 -46058 13316 -64943 -36422 -36436 8500 -31618 -100612 -41900 6296 -19130 39367 -67125 -58757 -71325 -44388 37401 -12566 11296 53787 14642 -700 -25677 8297 -29943 32573 -44189 36761 -17350 -23691 -87281 -31853 38365 82578 -52110 -18161 -29766 38198 66773 44594 -4803 51320 39701 -50945 17809 17971 -38759 24541 -125345 -16409 -89261 3055 3646 -6821 38131 31032 90594 62564 -63982 -11203 -25592 22050 3205 -14613 4145 -61400 347 38956 -16363 -25164 52843 -21435 -5746 -57469 94260 -24595 86908 80580 51729 -12233 -22101 -25223 -39422 -8887 -94785 
27937 65137 54092 95398 -3072 -110414 48332 -68321 54827 38817 17772 100584 29449 -62572 35727 18434 92218 -34957 16888 16009 75343 -28833 31046 -48002 -29052 53683 45069 -20522 17683 45966 20753 14926 2724 6676 100933 -9509 53692 65958 34767 30424 -18712 -146051 -14819 31525 7779 2446 -7335 14100 -96131 52884 3239 -78100 79268 59043 -20708 -3078 -17818 3383 -43271 -7679 26003 -21118 -86298 5260 -12400 35038 -19706 43582 -33183 -6451 2738 99147 45375 67148 -82543 -41569 7099 -38242 -34794 117710 -20666 44225 14282 74088 -54899 28956 45624 -3367 40986 -37879 21097 45337 18658 -61337 -45349 -4962 40542 20224 17608 -38697 
-70483 18877 31510 20662 57345 -168423 54546 -22598 17894 -7982 6524 -27870 -3435 -14774 -3353 4955 1316 40828 16755 16919 31274 -75419 109107 -57435 29304 -53442 -27704 -31056 20376 -25013 30673 -35638 22371 -26321 -29365 -9799 -47825 67010 26339 -32008 26857 19281 -82798 22932 33235 -52390 44755 93096 15279 -21104 40626 -52254 26423 -8196 30217 36363 29576 19514 -13514 54315 23652 -10351 -38305 -97616 17077 -11569 -26209 -49033 -29068 77933 26532 -99320 76320 83135 24412 -8240 -41379 29435 -102744 -40853 64236 -22240 39075 76589 65176 -30267 69953 -60668 25740 -92109 22128 -18920 35194 -17430 49310 -15343 36914 -7485 -9073 36708 
23599 12018 16285 39817 -10884 -49488 19527 -54448 -59153 -77881 -45669 88086 27170 -10911 70749 106513 -70613 29652 -32177 56225 -39193 -3420 -14392 -9184 -51730 23722 63069 53415 -27931 -52581 37978 72238 40178 1192 -63280 -45002 8958 -35977 -51486 -11178 126846 -71091 -4138 -42964 31918 -58100 1672 -31684 15680 -9017 14822 17660 14970 -34059 -32102 63415 -1560 6097 33662 72041 13849 -88937 23118 -89224 -110739 24255 -37964 10763 55316 -57048 22058 27668 28840 85091 -79924 16739 -32890 53400 15636 -30463 34777 -52030 -24557 103114 9660 41792 -21385 62579 -37532 722 48426 76837 -31294 -145206 20229 71842 -62883 80778 -16430 -22362 
-57453 -74340 -65646 -87003 25719 7901 17891 43690 41861 -40518 -8314 50742 28512 -1515 -45764 -42798 27935 -42238 46522 -17671 -110329 -70722 -74039 6118 -16877 -1529 64982 36303 -20441 -62559 -30189 -75165 -15584 47524 -54410 63142 -97047 -27941 -226 14434 17240 -33841 13443 -443 94577 51154 13808 37091 29481 -10095 -6136 -11497 -29987 -64706 -46614 106715 -6442 -41128 14351 -81064 45384 32411 28342 21530 -2199 24992 -65629 26465 56207 31680 -49531 29014 83584 -49027 -54088 -11683 -52712 32655 -23534 -74581 22134 -23394 1325 -48521 -36 -32573 53740 58381 22697 -43402 18524 44218 5008 -71548 9585 44518 65397 98418 -32191 69900 
11081 -7346 33010 -16812 -42187 -25114 -82308 -25481 342 83086 30088 55394 494 -63394 24318 -11541 52869 8014 7764 -29567 -92634 97669 51196 21494 -44985 10774 6684 61111 -63448 19116 37397 -4177 18060 31513 27207 -21922 -10057 -89151 14016 93377 -82061 13022 -28307 -26532 -87509 5949 1093 1546 -56173 28195 -45720 -21815 -4847 -49779 -47069 5024 -63580 29587 -48631 74234 4815 -18334 -6692 -76029 -27176 -49056 88307 28534 -7796 47566 52096 -14114 -43065 -46680 -50574 13787 35977 -12287 88881 -80841 -13471 41760 34621 17855 14908 -20600 -37987 -85988 -50131 -8479 -74442 112273 71980 99921 98115 -31344 29325 -42336 6443 29163 
-39901 31459 -35170 -3254 44643 -24363 49061 -48531 -21299 -62635 20032 -40906 75226 12357 54827 68002 24896 -25093 -37322 106976 -6328 18393 21956 19412 -27843 1689 -50387 93213 50931 14237 65346 27281 49968 -21954 1013 -80592 -37324 51112 -2911 62645 52939 -7384 102631 41104 -6744 32797 38910 -16050 18619 -69629 9169 7663 -51363 62898 -73418 -57946 22748 -45757 -5256 -32549 14901 -36713 32926 34523 56713 17015 -1030 68115 12384 63793 -81299 -28753 -18192 22064 -5103 76933 42318 -39493 69921 -47416 -12250 -17742 -77314 -15600 31862 -60590 -80600 42496 -8612 19260 -41301 -82256 92081 36684 -7286 -46041 -10690 23158 -28886 1435 
-97221 -7680 -48209 -76072 88467 724 49777 -15023 -12211 -25068 -69680 35446 -24116 -67861 40490 -16734 -11284 -10252 42425 -41147 -48856 -106717 5217 -6283 -47960 -61111 11759 36211 76118 5398 -8099 36642 20923 47781 7849 -46264 36535 -52200 2232 -36732 -22479 43770 -7483 9062 -25595 -14050 -7754 -72444 60341 -12542 -63001 -30959 12879 16789 -1612 -90700 -74554 -70833 104404 30652 -11983 24448 -56271 -16307 36293 -7606 3546 12300 -36924 91848 -23118 -21407 -20186 -25420 88826 4513 -28819 -1214 3327 28913 -35270 37222 5602 13464 -75606 -11276 -59825 -13889 18517 -40980 -26472 25260 -71312 -30541 60792 67407 47387 876 39309 -27580 
10742 -67668 -21017 21733 46894 3326 -48351 31612 37003 53573 29462 1027 42022 13732 -27910 -27831 53207 31426 -6378 -68936 12578 22294 12816 57508 -71645 22526 9871 -43094 -76472 66599 -52884 -13385 27096 -114598 115456 -41447 -25097 1297 39430 46822 -61829 -57821 16965 48200 -60485 -14706 57675 -8902 -66808 -32819 -17676 -33817 -81424 -16509 5476 20473 -23449 -32727 -1428 -9651 22853 70254 18929 1902 -1787 59593 12605 6014 -60438 67091 59437 -5949 6032 51668 63799 58781 -13381 -49427 8340 19766 -25176 18142 -52001 -67661 -23228 22605 -11095 -35615 7189 6629 -35369 -46101 -34824 -88575 63746 -50263 10336 12064 -44301 -12939 
-83044 -20039 -1431 26975 -74989 9932 -17390 48474 29947 -18516 -33920 43835 -24534 20742 6224 55083 34224 -22585 46265 -47440 39896 -16808 66254 13279 19283 17265 1048 -38383 65491 -91798 -20897 -5616 15029 23763 -16303 -31999 -28429 3466 -5400 -45390 64901 -33221 -26744 26927 -1957 31637 -17874 27748 95434 -4776 -4680 40807 20215 59547 -29544 -25926 24262 113682 -53184 -50028 65777 -24762 -19739 -36321 -53395 -35463 -35075 -34083 -15286 80624 -66199 -54869 19917 -42144 -24143 -19163 -23243 -33618 24563 -13106 -89184 -1535 23665 35056 -44319 37818 26696 -78325 -30281 18380 14510 59737 -143 58360 -30550 -18142 -42967 30245 52176 -29766 
-55947 25063 9943 -60977 13079 38737 29993 -54411 21091 -51435 -23863 10421 75222 885 116342 -72217 15632 -94720 -24839 93724 492 -100908 3632 -49393 29061 8222 -50368 20262 39115 -574 -62804 79073 31843 -14219 -21894 -16086 -48004 -32646 -43242 -61129 -69075 27207 74909 -28040 70915 -62507 -1992 32643 16239 -18405 -51062 36901 60876 1877 -3028 6280 -2817 -55348 20971 24055 50895 -33967 67503 -11103 33650 -1649 36581 36389 -8289 4603 -12841 -23114 -26785 50450 -11850 43725 14907 4173 -84286 -71304 -47095 -9555 49433 28519 113835 -24532 -75449 -38186 -2256 -7524 -22273 70172 -18439 120768 81006 51711 98001 -17688 -14217 1615 
-1998 3232 61936 9364 -43294 -66276 -54766 52693 61262 -60737 52019 -64707 64611 36783 -1808 27331 -3738 43825 -35139 6417 -116307 -48386 -92681 8759 66029 -163388 -15865 -46626 -43426 907 -59955 -42474 47653 -21831 -17508 4486 103455 18592 -22677 -47348 3012 -16843 3751 92103 -13812 -56016 -43469 41557 -35900 62128 -9580 1014 8341 -6797 33486 100066 -11313 -61797 -76149 58311 -9757 -20482 -116606 -15216 -29902 -81620 -52002 -42573 -33820 16637 -36459 59039 2083 -27891 -66198 -42078 10109 -94964 -42369 -98389 -2383 -5050 45450 -33360 -45541 33821 23576 -71494 44463 -19884 -18293 72980 -14691 27110 50334 22667 55404 -98207 -19745 95940 
-24573 75746 7642 45346 55918 -126165 -25534 -18748 -61881 21283 -56580 7015 -40812 38236 58225 32915 -81974 24985 -44352 -2713 -17465 -31938 104604 -6354 -60652 70688 143991 -73370 -27169 3481 -26267 36232 57521 44200 -87767 -80380 -59862 36450 28418 -28579 15128 13429 -45944 -14621 4516 -71172 -30228 -155614 -33911 35484 51128 51521 -8368 66657 -62934 -23860 -16794 -40689 -17774 78224 61348 53435 40185 -40631 -42800 45674 24573 -73230 29266 7712 -5858 123706 -1480 -17056 6745 -10589 -99705 -15419 -27601 -24922 84743 -73431 25965 36859 -80551 -26621 35162 -57154 26510 -24244 76281 85859 -105481 34973 -28031 94455 -8494 70319 78972 561 
49000 -36208 4993 -44969 -8225 23570 -10160 -28716 -63921 17142 -12129 -43834 -78638 35304 -9914 7653 7765 43645 30180 56764 63840 10388 50503 72687 -9458 -311 -20444 -4150 49748 -104009 -46770 84806 18623 1549 -54248 -23513 -9497 16277 51441 -15824 -31727 -48618 -69533 -26106 127861 -49303 -34920 -44610 56440 51953 34210 104078 5678 74883 17210 20034 -61374 -12946 24275 42215 -15400 417 62439 -46968 -49184 -7664 -96260 -5961 8556 -17080 4454 90000 -19285 -29810 49671 -46166 57221 17490 -39362 52732 -59270 29446 -96642 28463 11590 -29385 -82910 99846 -36340 12730 -22283 -33616 -96400 31543 24653 -47462 -86056 12784 -90879 -39516 
54454 16203 22637 -32528 31578 36927 8138 -47644 10643 13273 8526 -47523 -52069 -27160 -23548 43024 2840 61213 102335 -9072 -64049 -32514 -8335 111777 -7487 48980 53295 113072 -42828 -28616 -27412 -34109 -4049 -62193 -31666 29323 4013 26157 269 -5707 -11547 -42178 -23682 -4875 -18950 -19108 -52543 -8175 25857 -41528 -31561 1524 -11271 -75991 -25215 44032 -5962 -25688 -25159 -35025 57207 40752 16045 -98489 38450 -56613 -7272 -20882 111613 -52905 68248 -3101 33024 -72880 -49019 85242 55344 48243 -30599 58712 -6974 32265 -35016 44950 -14025 78057 -264 23161 40178 44908 90495 26774 -123862 -116913 -36124 -37233 -51629 36495 76166 -35237 
47846 -29372 -61559 7641 -25073 518 -78553 25293 49485 35571 27269 56360 -21909 -38682 -74231 35677 13998 32850 37398 12492 65395 26074 56298 61273 -33486 -7910 3905 -63725 27918 62484 -45427 -21972 22096 8372 31045 20715 92706 -36318 6037 45510 -36428 -70136 30825 73198 -40861 -16956 -55593 -57836 14740 5556 24801 -36781 18786 43992 -3160 -47272 33242 -73301 -67226 -43807 -5613 16498 2048 -61495 -46487 -74982 -141375 -40310 24028 -35191 66236 -10286 -12551 40857 89700 72784 -19531 -47081 -70030 -14412 60006 -116264 84385 -34421 -70437 30161 60426 -46161 -3466 -34848 108445 -13171 -9038 11206 -162790 7559 -10161 -22863 64380 -52296 
-19897 34710 11212 -89697 32847 11804 -24140 -48562 -52792 -18902 -28626 28487 14240 13047 64550 4140 89276 43584 56517 -25460 -85818 -23483 50891 -45293 48775 -81523 82112 38171 27148 59405 1435 -3953 -112347 -34935 35966 -13956 -78298 41329 -1528 -91028 -55802 61882 -11227 -35556 49953 24979 -31300 9526 -137833 12391 -41403 -8585 -4372 15520 -56708 -62814 20719 -39635 23112 86018 2023 -28704 -14205 -504 8675 41666 94565 12387 -6078 -23220 -94671 -71748 -33767 -46514 9083 27375 22968 57826 117212 35294 -22490 6391 14119 -24670 17956 -93072 -102892 32244 -46464 30220 -35232 -62786 57519 49513 17383 49455 104416 64634 -75818 -29281 
48542 -43840 93912 -73434 19750 45880 35115 -7711 -6258 35487 -21765 26625 43131 62936 -10972 -26160 -106449 49613 -8177 -6297 -36986 -25044 -48005 15171 38493 -33143 92992 -3727 552 -10806 65686 -11776 278 40612 20694 49723 76475 47576 155473 50182 -2380 64963 -23604 11140 -25002 -11522 54246 -39964 13376 43418 19222 -9803 50357 27380 -78001 56544 -21084 -37112 -40394 15575 44 8778 -30874 -15067 33370 27033 17165 -25582 -86114 27735 -15912 121800 -39428 -16494 -25138 12025 59563 -7968 104685 59844 38376 -25012 54926 5505 26152 -40578 12601 24622 -36107 23371 3158 3571 -18274 -19679 -32266 58871 -17840 -66197 87795 35100 
22436 39090 -37861 -28759 34194 16812 -116364 -3294 -10539 -82914 25398 181 -40758 10020 59251 5194 -26554 73742 32652 -63085 -1787 17384 51852 54139 -7449 35385 -13472 43706 -567 -3360 47678 -31925 50659 48200 -3297 57599 -28662 15223 42920 13807 -34843 40338 -107335 -3177 -85605 -70589 -39202 -58107 -15783 -52327 9794 -3482 -60571 41060 -68656 -88355 30861 -58593 -13542 7367 68567 -29229 -23844 -36453 -14714 66172 -15479 26875 -39023 -51043 -14984 -55424 41651 -71899 35342 -19566 25720 -40653 78113 62591 -64414 -21878 -17496 -27648 67603 7645 -79446 10240 -26093 -13874 -18782 -24448 -51948 -3577 -15337 54818 141989 3845 23320 -25479 
38809 -7728 -67087 -43230 44094 13287 -9719 -34416 -59710 -20313 31760 55748 22357 -33540 10699 -16541 26440 -47504 -49015 61502 63269 -62160 -5909 -10927 -59026 -104396 10331 46613 -11113 23888 -105024 31123 22998 63474 72823 -60320 -13793 -18341 46157 -31465 -63493 -42852 44817 -60918 -45316 -124559 70474 -6340 -32358 -17888 -3403 -669 -19419 52086 -15163 -55876 73925 12100 55009 -23073 15263 47486 269 80534 53637 91837 48773 -67343 -34306 -25685 24270 1951 48253 80501 -5780 -46378 30165 -79467 -1856 13395 -25063 -40109 23167 -83383 37619 -14478 90986 37761 -29446 52325 8286 5750 -79850 29911 26864 80282 -39506 -53348 -56375 46472 
28421 18268 23859 -39140 33306 9584 -105622 109415 -32463 -61541 1330 -17390 -20141 138192 -46389 51466 25965 -53632 42858 -38889 -10151 96861 20021 -64015 -8925 -40990 36355 8550 -90924 6395 -20920 -78915 57643 42371 3592 24773 -4664 103645 17482 35304 -12965 30634 -27108 -24695 -25597 11796 -7587 4019 34393 53309 77631 -74556 -60530 17060 -40301 -84360 17665 20921 -23922 -78270 -25513 16119 38307 16374 -33530 27243 -13432 4962 65422 -90894 35562 -77464 -98070 82247 23076 -102621 34264 -10196 -109949 -29148 93392 -6692 -36545 -59917 -9673 30791 -28539 4324 -1525 46471 -44909 -51716 46175 19311 51419 -138451 59785 -13508 17220 47368 
11734 35621 33348 -2589 -46762 67827 -22068 -51304 69588 -34391 -64366 -31125 -67249 -32487 35368 -9385 -77095 -11880 16176 -87275 -112355 -36639 3656 17158 21059 -64723 -13883 -48358 43497 66614 -33254 -71267 -26522 -36617 8820 -27848 -48780 1741 -76519 -12051 -10039 28644 35034 8224 6431 16090 -31296 -46682 -28945 87963 -34428 -22466 -75575 -35082 -38450 -1135 43480 -43402 -13703 -26470 -1911 5024 35454 21380 -98638 9065 28494 16972 28596 -2443 -52554 -48503 117010 -30979 -48725 -77901 -6281 -11392 62840 94672 -7805 -41426 -6808 -39576 -65307 34358 -30170 7530 119734 48749 77557 68972 -37582 8536 -47221 -66260 -17921 10435 13818 -32335 
-14141 -9724 -250 76004 58084 -19357 56378 -39433 -6260 2028 62831 -86648 -5107 -13302 -3817 10171 -74510 -3828 -48776 -2779 57674 -29669 36443 -21845 61542 56611 -53672 46314 -34747 -44907 -9905 2163 -20114 -1968 -32680 -80173 45202 -49323 46254 -77726 52979 -45622 16380 63012 -30814 -45374 85719 67467 48038 -66060 50902 -20790 -46835 46655 -14496 16542 -16636 13508 75312 51648 74468 -64374 -867 52929 45997 -11797 75782 -14365 -64918 -22250 8050 -21434 -22494 15059 -10790 -11408 32445 -35437 -60781 -71642 -119183 62809 -49970 -42213 -50150 -39694 -27920 76873 -73379 31469 -34641 63107 118981 -76122 74247 3990 -18164 35398 -33900 56007 
7443 36951 39841 8231 44713 52354 16219 -32259 111676 12103 -96308 -4293 -41494 50620 60302 -22106 62018 -42452 -18813 -74237 129790 -10081 -50616 -28818 4356 65967 1911 22911 -147962 66637 -20297 33513 57243 -91454 10572 -123050 -29127 3614 -112962 -65307 29950 -34823 23107 -25283 52842 32194 -3096 -117087 -16493 8999 26002 -35083 -82060 -70312 -95391 -21945 57510 19383 31848 21660 41755 3586 34475 80595 29239 1226 65737 18065 66062 9000 37774 1144 22995 45893 -11635 38348 1797 -15638 51879 25420 -55713 -14163 1013 -60862 -62783 63970 18624 -6977 14755 15814 -33603 -73369 -33639 -24858 53889 -16294 -111074 34531 52379 -18353 
76879 -3023 11069 -91558 45685 24588 -11583 -9842 -8221 65440 -39691 23275 20879 82158 -38036 60616 68968 71988 -37999 58592 -36989 42204 -13410 91602 91981 25382 21108 -52429 -155132 -30269 -95288 -42682 -108600 51956 44530 -34833 -69376 117285 -54221 2204 16675 37507 -48625 45142 -16825 11917 -39709 60354 95250 11991 -16694 11750 -3185 -13394 51385 -49859 3625 -16234 32151 -52056 21663 -11090 42667 -32351 16026 2638 -42002 -23345 15563 -36059 -6001 60243 6079 -81646 -7905 3251 21490 -11724 -25523 29130 -74811 -82469 85987 -66297 -32563 -17153 -18861 -9960 -7883 17094 -28619 -67989 57025 108313 -48391 -25205 43885 -45210 -15721 -36104 
-29347 4859 35744 -34088 22965 6916 61383 358 -19942 -43636 -35250 -37076 29518 34597 17629 -15663 -29753 47666 521 -1840 -35081 -17869 -62627 53577 33106 -44748 45141 -14287 -28893 -103081 -54692 -46825 -20621 21280 -33102 -13354 -76477 -81161 20548 -7826 25464 -10664 -5575 39621 -27855 -24320 15682 46772 87318 -13949 -113140 -35470 11777 -66346 -63840 -12150 24892 -116179 -12705 -64200 14612 -7747 10336 -53788 68461 42039 -81374 -13644 -19724 -9941 6172 -27033 -12472 -23830 -50007 -28836 9658 -25394 2327 25019 -94038 27863 -26244 5869 -43768 -25937 -16575 -20104 -32932 -50745 -6781 27657 13647 -9879 39010 -21751 2911 -25820 -17127 -53549 
-52085 -11108 -51296 56216 3868 -11092 5067 -110732 59205 21187 26556 -17180 -29528 8147 -3183 52490 -118294 -43050 17666 6449 -49725 -3352 10414 72363 -7855 6035 714 -3586 -38162 8992 28246 -18321 32239 25868 -62554 11230 -59350 -29357 -46514 108670 -92894 64525 -48072 -42262 -22991 62524 21966 -63692 -43687 -15755 -5062 -81590 -890 -47674 16508 -30145 -7588 -84294 82052 -678 -14619 -13518 81939 -3507 -14186 36065 -43184 -40073 -58658 57199 -57511 -47580 75896 3234 60663 9160 26409 9041 98877 57186 -26010 -17461 -27812 -56678 14097 -4410 36114 -12849 -17946 -70574 -109143 -44833 -24320 -21520 -26274 -90564 -83765 85633 9645 -27217 
-8343 92832 -100083 -28527 -61189 50448 -3571 -12508 -86112 -72550 -42722 -10046 -93383 53092 57249 9479 -84764 75215 14232 -777 -16574 18421 28387 -17074 -42549 60382 16566 -42389 -35135 51671 -6652 -33701 18957 -2475 -18528 26295 -82882 14893 -59428 -44228 47059 71938 -27900 8110 45966 -1454 39529 -7154 18691 88811 11693 28827 -49944 117 -76435 -84407 -1916 -6294 -53857 105087 -129052 -103979 14591 26456 53694 10590 -16278 81979 31426 375 34929 -104864 19129 250 -25465 45268 1718 19487 21389 -133437 33717 3466 4026 11308 -118142 -44426 -30838 -40652 67259 -49704 -81272 41884 14718 159102 -36610 -34799 23317 -5906 -11968 -68019 
-10368 -69977 27086 20369 90603 -21745 -41574 38544 -31418 -17472 -65514 10502 -28716 44151 -969 16195 -26342 63011 10166 38240 74816 393 61599 21012 30572 -58598 -46128 13711 42990 135990 -53284 -33679 -122114 47709 -46056 -2053 -59513 42218 -25851 -21286 -29617 74493 -51498 -11891 1422 49975 13761 -42198 -32937 68547 5943 -87561 -54214 -48945 -15031 73324 49164 39141 -57723 104061 69456 30615 38245 -54215 -17120 -70198 -17455 -59754 -3539 -25666 47514 116594 20178 67670 -73022 -23708 19421 2974 14619 30641 -79055 -51891 37701 29737 -17150 -55458 -14947 -17575 21477 -39318 91788 26456 34220 93699 16573 8892 -23545 -12264 46102 -36620 
-95601 28736 -44082 45521 86486 -3806 -107522 38488 -13404 25738 -50212 11954 51699 45313 6472 -70387 29180 25001 -24892 62926 -19969 -33501 -41030 9664 -46181 -100446 10015 35275 35747 13074 -11126 -74071 -35372 137671 -15434 -32036 -48636 42351 -52400 -37672 -89111 -17962 -52632 42392 64139 -60964 -21994 -73827 -32917 51146 -5518 56211 11112 13899 596 -56167 -5771 85532 6981 13469 94563 -26867 28081 -71440 -7801 -26451 11035 10025 -39493 83733 9801 37280 51066 -64001 51230 44948 40472 -44932 -39167 25531 -112299 33807 42509 57773 21360 72317 -9619 -7147 58147 60499 82556 122959 57539 -5906 36859 -94520 69928 -31794 11368 120386 
